## htsjdk.samtools.metrics.StringHeader
# CollectInsertSizeMetrics HISTOGRAM_FILE=idling_dedup.pdf INPUT=trimmed_3334-CH-2-CGTACTAG-CTCTCTAT_S122_aligned_sorted_dedup.bam OUTPUT=idling_dedup_ISM.txt VALIDATION_STRINGENCY=LENIENT    DEVIATIONS=10.0 MINIMUM_PCT=0.05 METRIC_ACCUMULATION_LEVEL=[ALL_READS] INCLUDE_DUPLICATES=false ASSUME_SORTED=true STOP_AFTER=0 VERBOSITY=INFO QUIET=false COMPRESSION_LEVEL=5 MAX_RECORDS_IN_RAM=500000 CREATE_INDEX=false CREATE_MD5_FILE=false GA4GH_CLIENT_SECRETS=client_secrets.json USE_JDK_DEFLATER=false USE_JDK_INFLATER=false
## htsjdk.samtools.metrics.StringHeader
# Started on: Fri Mar 12 10:24:54 CST 2021

## METRICS CLASS	picard.analysis.InsertSizeMetrics
MEDIAN_INSERT_SIZE	MODE_INSERT_SIZE	MEDIAN_ABSOLUTE_DEVIATION	MIN_INSERT_SIZE	MAX_INSERT_SIZE	MEAN_INSERT_SIZE	STANDARD_DEVIATION	READ_PAIRS	PAIR_ORIENTATION	WIDTH_OF_10_PERCENT	WIDTH_OF_20_PERCENT	WIDTH_OF_30_PERCENT	WIDTH_OF_40_PERCENT	WIDTH_OF_50_PERCENT	WIDTH_OF_60_PERCENT	WIDTH_OF_70_PERCENT	WIDTH_OF_80_PERCENT	WIDTH_OF_90_PERCENT	WIDTH_OF_95_PERCENT	WIDTH_OF_99_PERCENT	SAMPLE	LIBRARY	READ_GROUP
224	52	132	2	242917615	282.80196	213.553442	81321826	FR	47	101	161	219	265	307	345	453	745	985	1435			

## HISTOGRAM	java.lang.Integer
insert_size	All_Reads.fr_count
2	398
3	535
4	698
5	332
6	307
7	407
8	426
9	3883
10	511
11	469
12	268
13	356
14	636
15	545
16	445
17	430
18	410
19	9127
20	5895
21	3813
22	2451
23	2133
24	2388
25	2536
26	5911
27	7900
28	9073
29	10319
30	9469
31	9724
32	9543
33	12671
34	18753
35	32549
36	56550
37	78435
38	93526
39	122529
40	175072
41	208735
42	220210
43	203493
44	205262
45	218378
46	218021
47	216721
48	217901
49	239473
50	289552
51	360397
52	436853
53	415171
54	346214
55	312140
56	301961
57	294408
58	281232
59	281390
60	294696
61	324648
62	365268
63	382542
64	382853
65	356276
66	334348
67	315104
68	290600
69	285270
70	278825
71	301281
72	324975
73	339983
74	349098
75	345444
76	333518
77	317627
78	292661
79	281402
80	271576
81	281916
82	294190
83	307110
84	315978
85	318619
86	308436
87	300261
88	279307
89	268533
90	257846
91	256931
92	261318
93	271265
94	278241
95	284823
96	280332
97	272232
98	261031
99	251720
100	245575
101	235130
102	235344
103	239539
104	243316
105	249312
106	247672
107	245009
108	238550
109	228703
110	221770
111	214139
112	212080
113	211090
114	213909
115	219098
116	219092
117	219466
118	216030
119	209505
120	203816
121	194604
122	191280
123	188255
124	190531
125	193385
126	193746
127	194195
128	192194
129	190927
130	186989
131	182486
132	177393
133	173380
134	173220
135	174588
136	175327
137	177621
138	179134
139	178856
140	178129
141	180577
142	174756
143	166145
144	161110
145	158890
146	158276
147	159718
148	163997
149	168644
150	179967
151	191210
152	181423
153	163902
154	153904
155	150929
156	150525
157	150570
158	152409
159	157110
160	157107
161	155255
162	152587
163	152574
164	153911
165	156463
166	159169
167	162085
168	163911
169	162660
170	156748
171	154520
172	152557
173	156518
174	165512
175	174549
176	176624
177	172762
178	168192
179	164373
180	160435
181	158224
182	158044
183	158824
184	161954
185	165386
186	167797
187	167330
188	166452
189	164944
190	162034
191	160313
192	162026
193	166890
194	170069
195	172874
196	174411
197	171953
198	171075
199	169110
200	169499
201	169943
202	174489
203	179563
204	183831
205	184823
206	185319
207	182152
208	177880
209	174458
210	173090
211	174919
212	179220
213	184729
214	188363
215	190293
216	188765
217	185737
218	181534
219	177854
220	174374
221	173741
222	175080
223	179612
224	183524
225	184629
226	184129
227	181455
228	178144
229	174595
230	169836
231	167668
232	167039
233	168568
234	171169
235	171491
236	171897
237	170602
238	168981
239	164077
240	161382
241	157620
242	156873
243	155532
244	155426
245	156370
246	156760
247	156111
248	154486
249	153269
250	150053
251	147484
252	144094
253	143616
254	142986
255	142402
256	142716
257	141763
258	141216
259	140412
260	138367
261	136327
262	134026
263	132557
264	131384
265	129780
266	129989
267	130033
268	129965
269	128404
270	126612
271	125240
272	124608
273	122437
274	121248
275	120146
276	119825
277	119089
278	118996
279	118550
280	117878
281	117372
282	115625
283	115111
284	113023
285	111952
286	111678
287	110983
288	111134
289	110854
290	110601
291	110572
292	108656
293	108344
294	106998
295	106615
296	105224
297	104765
298	105602
299	106594
300	105758
301	105047
302	105196
303	104070
304	102927
305	101090
306	100489
307	100032
308	100457
309	101249
310	101996
311	102030
312	101142
313	100577
314	98760
315	98500
316	97423
317	97172
318	96810
319	98043
320	97970
321	98284
322	98799
323	97384
324	97060
325	96698
326	95457
327	95319
328	95436
329	95316
330	96174
331	96207
332	96341
333	95635
334	95882
335	95619
336	94604
337	94833
338	94659
339	95134
340	94491
341	95514
342	95289
343	94930
344	95744
345	95257
346	95271
347	94783
348	95216
349	95946
350	94913
351	95277
352	95320
353	95133
354	95782
355	94999
356	95496
357	96034
358	95472
359	96179
360	95471
361	95631
362	96452
363	96057
364	95808
365	95407
366	96044
367	95675
368	95904
369	96470
370	96051
371	96266
372	96206
373	97408
374	96539
375	96206
376	95910
377	96756
378	96326
379	96972
380	96500
381	96797
382	97365
383	96794
384	97145
385	96356
386	96584
387	96466
388	96438
389	97084
390	96889
391	97792
392	96879
393	96811
394	96690
395	96057
396	96138
397	96233
398	95617
399	95881
400	95706
401	95609
402	95731
403	95340
404	95509
405	94438
406	94368
407	94335
408	93505
409	93581
410	92641
411	93158
412	92230
413	92279
414	92163
415	91543
416	91000
417	90445
418	89792
419	90229
420	89223
421	88758
422	88329
423	88629
424	87062
425	87042
426	86049
427	85685
428	85533
429	85741
430	84105
431	83418
432	83694
433	83209
434	82537
435	82472
436	81578
437	80868
438	80744
439	80482
440	79418
441	78390
442	77646
443	78196
444	77689
445	76562
446	76182
447	75310
448	75009
449	74212
450	74352
451	73691
452	73679
453	73029
454	72138
455	71680
456	71671
457	71133
458	70643
459	70097
460	69464
461	68673
462	68284
463	67786
464	67360
465	67186
466	66670
467	66443
468	66273
469	65945
470	65131
471	64812
472	64574
473	64022
474	63904
475	63385
476	63170
477	62850
478	61892
479	62187
480	61275
481	60935
482	60815
483	60645
484	60372
485	60463
486	60038
487	59656
488	59755
489	58560
490	58314
491	58588
492	58051
493	57524
494	57627
495	57592
496	57332
497	57188
498	56812
499	56402
500	55849
501	56125
502	55728
503	55670
504	55743
505	55259
506	55394
507	55122
508	55095
509	54610
510	53980
511	54220
512	54250
513	54098
514	53805
515	53365
516	53341
517	53187
518	53360
519	52992
520	52871
521	52627
522	52865
523	52755
524	51974
525	52547
526	52331
527	52045
528	51806
529	51890
530	51796
531	52011
532	51867
533	51945
534	51594
535	51690
536	51654
537	51190
538	51651
539	51169
540	51078
541	51143
542	50970
543	51358
544	51134
545	50899
546	50691
547	50481
548	50526
549	50392
550	49905
551	50329
552	50173
553	50443
554	50430
555	50519
556	50278
557	50188
558	50526
559	50196
560	50286
561	49776
562	49766
563	49837
564	49818
565	49701
566	49539
567	49545
568	49573
569	49699
570	49750
571	49217
572	49187
573	49180
574	49153
575	48833
576	48917
577	49110
578	49073
579	48846
580	48493
581	48435
582	48324
583	48136
584	47991
585	47568
586	48306
587	47835
588	47718
589	48224
590	47589
591	46923
592	47066
593	47128
594	47409
595	46752
596	46439
597	46731
598	46426
599	46356
600	45786
601	45956
602	45458
603	45293
604	45742
605	44808
606	45161
607	44579
608	44420
609	44601
610	43955
611	43662
612	43682
613	43313
614	42977
615	42705
616	42839
617	42441
618	42317
619	41992
620	42193
621	41720
622	41255
623	41330
624	40955
625	40570
626	40079
627	40097
628	40120
629	39266
630	39114
631	39121
632	39130
633	38924
634	38451
635	37966
636	37743
637	37675
638	37861
639	37028
640	36828
641	36525
642	36043
643	36385
644	35817
645	35783
646	34999
647	35206
648	34689
649	34453
650	34565
651	34102
652	34043
653	33617
654	33128
655	33244
656	32850
657	32472
658	32539
659	32439
660	32266
661	31827
662	31742
663	31228
664	31362
665	30743
666	30776
667	30567
668	30763
669	30395
670	30295
671	29908
672	29747
673	29724
674	29227
675	29127
676	28983
677	29192
678	28908
679	28683
680	28372
681	28377
682	28016
683	27735
684	28102
685	27620
686	27282
687	27755
688	27194
689	27479
690	26948
691	26925
692	26656
693	26371
694	26527
695	26579
696	26075
697	25985
698	25914
699	25647
700	25666
701	25441
702	25275
703	25314
704	25050
705	25095
706	25000
707	24930
708	24613
709	24544
710	24269
711	24527
712	24288
713	24297
714	24222
715	23978
716	23867
717	23866
718	23914
719	23853
720	23397
721	23940
722	23351
723	23536
724	23418
725	23007
726	23098
727	23174
728	23172
729	22578
730	22579
731	22628
732	22743
733	22826
734	22399
735	22528
736	22035
737	22415
738	22253
739	22172
740	22089
741	22052
742	22038
743	21829
744	21536
745	21584
746	21399
747	21513
748	21481
749	21236
750	21469
751	21360
752	21266
753	20936
754	21282
755	21252
756	20840
757	20854
758	21133
759	20805
760	20487
761	20741
762	20507
763	20525
764	20171
765	20148
766	20172
767	19905
768	20020
769	20182
770	19918
771	19793
772	19929
773	19749
774	19608
775	19387
776	19425
777	19101
778	19330
779	19269
780	18969
781	19002
782	18853
783	18986
784	18887
785	18491
786	18321
787	18362
788	18138
789	18156
790	18002
791	18209
792	18047
793	17792
794	17792
795	17449
796	17379
797	17571
798	17140
799	17169
800	17271
801	16875
802	17001
803	16974
804	16730
805	16504
806	16409
807	16387
808	16254
809	16401
810	15994
811	15856
812	15919
813	15885
814	15537
815	15502
816	15382
817	15002
818	15217
819	15092
820	15089
821	14648
822	14707
823	14731
824	14649
825	14322
826	14358
827	14245
828	14320
829	14173
830	13888
831	13602
832	13606
833	13536
834	13500
835	13374
836	13224
837	13127
838	13085
839	12860
840	12769
841	12753
842	12520
843	12449
844	12442
845	12281
846	12092
847	12174
848	11993
849	11966
850	11820
851	11770
852	11634
853	11491
854	11477
855	11404
856	11258
857	11193
858	11174
859	11185
860	10843
861	10793
862	10756
863	11035
864	10755
865	10573
866	10434
867	10287
868	10302
869	10222
870	10170
871	10029
872	10126
873	9759
874	9791
875	9750
876	9843
877	9526
878	9618
879	9494
880	9380
881	9209
882	9322
883	9300
884	9094
885	9024
886	9011
887	8729
888	8934
889	8770
890	8726
891	8564
892	8657
893	8495
894	8557
895	8478
896	8453
897	8527
898	8336
899	8139
900	8144
901	8159
902	8000
903	7973
904	7981
905	7917
906	7848
907	7656
908	7818
909	7644
910	7738
911	7725
912	7613
913	7491
914	7546
915	7309
916	7424
917	7221
918	7235
919	7325
920	7187
921	7243
922	7290
923	7073
924	6956
925	7060
926	6788
927	7099
928	6910
929	6913
930	6784
931	6773
932	6752
933	6708
934	6541
935	6623
936	6558
937	6445
938	6593
939	6482
940	6330
941	6238
942	6287
943	6293
944	6272
945	6058
946	6112
947	6109
948	6078
949	6127
950	5957
951	5945
952	5848
953	5889
954	5883
955	5849
956	5854
957	5766
958	5671
959	5772
960	5464
961	5693
962	5589
963	5696
964	5468
965	5473
966	5507
967	5425
968	5383
969	5322
970	5282
971	5092
972	5162
973	5080
974	5161
975	5026
976	4994
977	5091
978	4995
979	5064
980	4995
981	4968
982	4797
983	4816
984	4898
985	4648
986	4636
987	4609
988	4550
989	4601
990	4604
991	4458
992	4515
993	4542
994	4248
995	4262
996	4378
997	4249
998	4232
999	4287
1000	4027
1001	4056
1002	4169
1003	4092
1004	4032
1005	4012
1006	3983
1007	3933
1008	3906
1009	3912
1010	3722
1011	3768
1012	3792
1013	3776
1014	3637
1015	3615
1016	3557
1017	3660
1018	3592
1019	3417
1020	3447
1021	3457
1022	3428
1023	3420
1024	3318
1025	3306
1026	3210
1027	3169
1028	3222
1029	3199
1030	3176
1031	3180
1032	3039
1033	3117
1034	3005
1035	3093
1036	2973
1037	3016
1038	2901
1039	2934
1040	2800
1041	2845
1042	2800
1043	2837
1044	2781
1045	2709
1046	2711
1047	2610
1048	2658
1049	2518
1050	2677
1051	2590
1052	2589
1053	2572
1054	2477
1055	2470
1056	2482
1057	2395
1058	2376
1059	2294
1060	2271
1061	2263
1062	2278
1063	2254
1064	2173
1065	2203
1066	2137
1067	2183
1068	2168
1069	2093
1070	2099
1071	2102
1072	2074
1073	2123
1074	1968
1075	1996
1076	1969
1077	1948
1078	1964
1079	1902
1080	1922
1081	1955
1082	1871
1083	1888
1084	1812
1085	1762
1086	1712
1087	1790
1088	1802
1089	1721
1090	1725
1091	1688
1092	1675
1093	1630
1094	1650
1095	1640
1096	1615
1097	1586
1098	1735
1099	1584
1100	1544
1101	1644
1102	1554
1103	1522
1104	1503
1105	1557
1106	1554
1107	1544
1108	1457
1109	1466
1110	1438
1111	1399
1112	1408
1113	1507
1114	1424
1115	1357
1116	1391
1117	1360
1118	1356
1119	1387
1120	1336
1121	1285
1122	1340
1123	1252
1124	1289
1125	1272
1126	1301
1127	1316
1128	1234
1129	1239
1130	1189
1131	1229
1132	1251
1133	1170
1134	1181
1135	1164
1136	1210
1137	1159
1138	1139
1139	1221
1140	1122
1141	1174
1142	1081
1143	1153
1144	1081
1145	1082
1146	1117
1147	1099
1148	1056
1149	1082
1150	1012
1151	994
1152	1009
1153	1063
1154	960
1155	943
1156	921
1157	1002
1158	969
1159	955
1160	965
1161	924
1162	903
1163	966
1164	880
1165	883
1166	911
1167	859
1168	850
1169	820
1170	839
1171	840
1172	837
1173	805
1174	820
1175	873
1176	844
1177	808
1178	790
1179	787
1180	792
1181	744
1182	776
1183	775
1184	766
1185	728
1186	736
1187	777
1188	706
1189	720
1190	689
1191	709
1192	726
1193	737
1194	703
1195	695
1196	641
1197	684
1198	683
1199	659
1200	612
1201	628
1202	616
1203	646
1204	633
1205	598
1206	645
1207	573
1208	547
1209	579
1210	565
1211	592
1212	540
1213	540
1214	533
1215	517
1216	548
1217	538
1218	530
1219	522
1220	542
1221	520
1222	501
1223	537
1224	477
1225	489
1226	497
1227	510
1228	496
1229	504
1230	485
1231	475
1232	470
1233	467
1234	468
1235	428
1236	487
1237	464
1238	423
1239	401
1240	402
1241	391
1242	405
1243	426
1244	356
1245	398
1246	403
1247	415
1248	381
1249	399
1250	392
1251	398
1252	335
1253	366
1254	401
1255	377
1256	363
1257	343
1258	352
1259	333
1260	368
1261	371
1262	349
1263	355
1264	342
1265	331
1266	345
1267	339
1268	322
1269	321
1270	325
1271	298
1272	292
1273	313
1274	263
1275	283
1276	292
1277	291
1278	255
1279	252
1280	265
1281	266
1282	267
1283	246
1284	242
1285	273
1286	255
1287	269
1288	266
1289	245
1290	267
1291	233
1292	240
1293	231
1294	233
1295	235
1296	248
1297	211
1298	208
1299	241
1300	196
1301	235
1302	187
1303	238
1304	201
1305	228
1306	218
1307	214
1308	213
1309	210
1310	201
1311	228
1312	190
1313	190
1314	228
1315	183
1316	188
1317	199
1318	173
1319	154
1320	176
1321	192
1322	172
1323	174
1324	174
1325	184
1326	162
1327	178
1328	175
1329	158
1330	150
1331	178
1332	170
1333	165
1334	159
1335	115
1336	138
1337	136
1338	134
1339	137
1340	150
1341	133
1342	156
1343	155
1344	145
1345	159
1346	130
1347	139
1348	155
1349	125
1350	124
1351	129
1352	106
1353	98
1354	136
1355	134
1356	96
1357	121
1358	103
1359	103
1360	111
1361	123
1362	118
1363	88
1364	86
1365	95
1366	123
1367	105
1368	97
1369	105
1370	77
1371	100
1372	75
1373	101
1374	94
1375	85
1376	84
1377	82
1378	93
1379	96
1380	89
1381	104
1382	73
1383	59
1384	87
1385	77
1386	76
1387	74
1388	74
1389	94
1390	68
1391	86
1392	77
1393	73
1394	79
1395	82
1396	70
1397	61
1398	74
1399	83
1400	55
1401	65
1402	55
1403	68
1404	62
1405	79
1406	64
1407	65
1408	61
1409	63
1410	78
1411	57
1412	61
1413	49
1414	65
1415	50
1416	68
1417	69
1418	56
1419	55
1420	56
1421	60
1422	62
1423	69
1424	60
1425	70
1426	58
1427	58
1428	57
1429	54
1430	53
1431	70
1432	52
1433	59
1434	43
1435	42
1436	62
1437	59
1438	46
1439	50
1440	62
1441	58
1442	51
1443	46
1444	50
1445	52
1446	54
1447	48
1448	48
1449	48
1450	37
1451	52
1452	50
1453	39
1454	42
1455	41
1456	49
1457	56
1458	41
1459	32
1460	41
1461	36
1462	45
1463	48
1464	53
1465	53
1466	52
1467	39
1468	44
1469	49
1470	44
1471	43
1472	40
1473	43
1474	37
1475	46
1476	49
1477	48
1478	38
1479	49
1480	43
1481	27
1482	40
1483	45
1484	45
1485	39
1486	44
1487	37
1488	42
1489	46
1490	32
1491	48
1492	41
1493	33
1494	38
1495	37
1496	29
1497	43
1498	42
1499	24
1500	35
1501	29
1502	34
1503	41
1504	33
1505	34
1506	35
1507	46
1508	42
1509	46
1510	36
1511	36
1512	42
1513	30
1514	34
1515	30
1516	44
1517	39
1518	35
1519	37
1520	45
1521	37
1522	52
1523	31
1524	26
1525	31
1526	29
1527	27
1528	27
1529	34
1530	22
1531	19
1532	31
1533	30
1534	33
1535	37
1536	36
1537	37
1538	32
1539	32
1540	28
1541	37
1542	38
1543	37
1544	30

