## htsjdk.samtools.metrics.StringHeader
# CollectInsertSizeMetrics HISTOGRAM_FILE=idling_subsample_25p_dedup.pdf INPUT=idling_subsample_25p_dedup.bam OUTPUT=idling_subsample_25p_dedup_ISM.txt VALIDATION_STRINGENCY=LENIENT    DEVIATIONS=10.0 MINIMUM_PCT=0.05 METRIC_ACCUMULATION_LEVEL=[ALL_READS] INCLUDE_DUPLICATES=false ASSUME_SORTED=true STOP_AFTER=0 VERBOSITY=INFO QUIET=false COMPRESSION_LEVEL=5 MAX_RECORDS_IN_RAM=500000 CREATE_INDEX=false CREATE_MD5_FILE=false GA4GH_CLIENT_SECRETS=client_secrets.json USE_JDK_DEFLATER=false USE_JDK_INFLATER=false
## htsjdk.samtools.metrics.StringHeader
# Started on: Fri Mar 12 09:55:47 CST 2021

## METRICS CLASS	picard.analysis.InsertSizeMetrics
MEDIAN_INSERT_SIZE	MODE_INSERT_SIZE	MEDIAN_ABSOLUTE_DEVIATION	MIN_INSERT_SIZE	MAX_INSERT_SIZE	MEAN_INSERT_SIZE	STANDARD_DEVIATION	READ_PAIRS	PAIR_ORIENTATION	WIDTH_OF_10_PERCENT	WIDTH_OF_20_PERCENT	WIDTH_OF_30_PERCENT	WIDTH_OF_40_PERCENT	WIDTH_OF_50_PERCENT	WIDTH_OF_60_PERCENT	WIDTH_OF_70_PERCENT	WIDTH_OF_80_PERCENT	WIDTH_OF_90_PERCENT	WIDTH_OF_95_PERCENT	WIDTH_OF_99_PERCENT	SAMPLE	LIBRARY	READ_GROUP
232	52	136	2	242917615	287.209888	211.035925	27091635	FR	49	103	165	223	273	317	357	449	729	953	1381			

## HISTOGRAM	java.lang.Integer
insert_size	All_Reads.fr_count
2	119
3	174
4	203
5	94
6	80
7	117
8	129
9	1251
10	150
11	123
12	76
13	86
14	176
15	184
16	123
17	118
18	117
19	2743
20	1703
21	1169
22	676
23	611
24	669
25	742
26	1695
27	2310
28	2691
29	2954
30	2718
31	2880
32	2890
33	3756
34	5632
35	9963
36	17137
37	23838
38	28444
39	37432
40	53987
41	64694
42	68657
43	63513
44	64288
45	68436
46	68248
47	67917
48	68239
49	74736
50	91467
51	114069
52	137028
53	130961
54	109008
55	98646
56	95315
57	92975
58	88789
59	88623
60	93150
61	102769
62	115588
63	121078
64	121336
65	112623
66	106144
67	99936
68	92103
69	90126
70	88036
71	95470
72	103588
73	108013
74	111351
75	110234
76	106483
77	101377
78	93302
79	89936
80	86832
81	89776
82	93845
83	97985
84	101449
85	102870
86	98628
87	96400
88	89832
89	86643
90	82828
91	82649
92	83816
93	87204
94	88915
95	91735
96	90451
97	87645
98	84416
99	80871
100	78827
101	75621
102	75573
103	77327
104	78803
105	80389
106	80352
107	79525
108	77529
109	73998
110	71757
111	68901
112	68358
113	68007
114	69134
115	71013
116	71100
117	71216
118	69745
119	68007
120	65934
121	63185
122	61564
123	60759
124	62065
125	62570
126	62992
127	63290
128	62508
129	62331
130	61247
131	58912
132	58292
133	56012
134	56043
135	56729
136	57277
137	57790
138	58469
139	58317
140	58226
141	58756
142	56682
143	54410
144	52239
145	51565
146	51776
147	52305
148	53625
149	55184
150	58672
151	62351
152	59015
153	53594
154	50144
155	49245
156	49177
157	49418
158	49918
159	51625
160	51344
161	50865
162	49703
163	49663
164	50421
165	51162
166	52300
167	53529
168	53876
169	53396
170	51398
171	50743
172	50263
173	51267
174	54084
175	57188
176	58148
177	56408
178	55238
179	54133
180	52529
181	51808
182	52103
183	52060
184	52972
185	54556
186	54770
187	54946
188	54727
189	54575
190	53221
191	52880
192	53485
193	54946
194	56338
195	56944
196	57570
197	56987
198	56441
199	55703
200	55840
201	56154
202	57432
203	59302
204	60732
205	60861
206	61098
207	60015
208	58810
209	57953
210	57217
211	57833
212	59169
213	61451
214	62534
215	63298
216	62410
217	61643
218	60308
219	59157
220	57704
221	57601
222	58649
223	59781
224	61624
225	61480
226	61245
227	60448
228	59370
229	58302
230	56602
231	56187
232	55635
233	56369
234	56917
235	57349
236	57692
237	56918
238	56299
239	54819
240	53787
241	52859
242	53004
243	52245
244	52002
245	52441
246	52872
247	52704
248	51976
249	51650
250	50755
251	49905
252	48868
253	48109
254	48529
255	48160
256	48175
257	47587
258	47794
259	47366
260	46718
261	46296
262	45586
263	45053
264	44687
265	43894
266	44239
267	44445
268	43767
269	43608
270	42815
271	42191
272	42345
273	41727
274	41274
275	40842
276	40612
277	40558
278	40895
279	40753
280	40378
281	39885
282	39240
283	39116
284	38766
285	38367
286	37879
287	37944
288	38087
289	37843
290	37861
291	37815
292	37046
293	37257
294	36559
295	36616
296	36011
297	35692
298	36149
299	36611
300	36212
301	36231
302	36145
303	35948
304	35689
305	34730
306	34511
307	34458
308	34590
309	34696
310	35192
311	35034
312	34866
313	34403
314	34123
315	34050
316	33339
317	33523
318	33322
319	34031
320	33721
321	33804
322	33951
323	33579
324	33753
325	33232
326	33032
327	33204
328	33094
329	32957
330	33172
331	33359
332	33497
333	33186
334	33517
335	33255
336	32641
337	32822
338	32786
339	32962
340	32662
341	33023
342	33117
343	33016
344	33222
345	33102
346	32906
347	32669
348	33234
349	33281
350	32876
351	32916
352	32983
353	33073
354	33492
355	32956
356	33274
357	33543
358	33344
359	33482
360	33468
361	33198
362	33307
363	33259
364	33454
365	33412
366	33699
367	33335
368	33458
369	33713
370	33296
371	33300
372	33738
373	33955
374	33859
375	33576
376	33269
377	33715
378	33592
379	33867
380	33810
381	33726
382	34176
383	34009
384	33976
385	33634
386	33880
387	33948
388	33869
389	34084
390	34037
391	34121
392	33935
393	33991
394	33825
395	33487
396	33657
397	33927
398	33390
399	33672
400	33560
401	33545
402	33471
403	33469
404	33330
405	33195
406	33219
407	33117
408	32907
409	32763
410	32562
411	32696
412	32210
413	32560
414	32218
415	32226
416	31914
417	31504
418	31708
419	32095
420	31370
421	31190
422	31237
423	31047
424	30641
425	30624
426	30117
427	30348
428	30143
429	30061
430	29754
431	29525
432	29357
433	29490
434	29184
435	29030
436	28716
437	28363
438	28521
439	28352
440	28111
441	27615
442	27494
443	27543
444	27699
445	26994
446	26794
447	26486
448	26360
449	26171
450	26422
451	25751
452	26205
453	26168
454	25393
455	25652
456	25264
457	25111
458	25077
459	24885
460	24690
461	24303
462	24215
463	23978
464	23658
465	23645
466	23850
467	23536
468	23636
469	23308
470	23123
471	22947
472	22863
473	22570
474	22824
475	22367
476	22594
477	22268
478	21922
479	21933
480	21717
481	21649
482	21625
483	21500
484	21355
485	21490
486	21272
487	21300
488	21113
489	20780
490	20696
491	20787
492	20697
493	20399
494	20430
495	20578
496	20330
497	20589
498	20202
499	20048
500	19914
501	19758
502	19857
503	19713
504	19878
505	19652
506	19550
507	19643
508	19497
509	19355
510	19275
511	19177
512	19404
513	19171
514	19140
515	19103
516	18826
517	18807
518	18912
519	18767
520	18567
521	18551
522	18705
523	18646
524	18634
525	18629
526	18426
527	18723
528	18352
529	18421
530	18425
531	18398
532	18359
533	18253
534	18197
535	18379
536	18367
537	18292
538	18481
539	18200
540	17872
541	18091
542	18160
543	18030
544	18023
545	18039
546	17925
547	17821
548	17847
549	17737
550	17463
551	17767
552	17710
553	18000
554	17519
555	17773
556	17821
557	17799
558	18014
559	17628
560	17827
561	17451
562	17585
563	17699
564	17507
565	17402
566	17432
567	17391
568	17569
569	17513
570	17390
571	17382
572	17325
573	17324
574	17342
575	17124
576	17214
577	17303
578	17435
579	17084
580	17200
581	17195
582	17172
583	16866
584	17122
585	16742
586	17036
587	16856
588	16521
589	16848
590	16835
591	16748
592	16426
593	16359
594	16610
595	16178
596	16288
597	16488
598	16338
599	16149
600	15927
601	16152
602	15905
603	15933
604	16147
605	15865
606	16102
607	15641
608	15821
609	15631
610	15435
611	15248
612	15289
613	15084
614	15216
615	14916
616	14908
617	14738
618	14879
619	14774
620	14673
621	14679
622	14428
623	14489
624	14184
625	14164
626	13932
627	13886
628	13848
629	13675
630	13457
631	13638
632	13628
633	13680
634	13481
635	13236
636	13208
637	13020
638	13186
639	12826
640	12903
641	12614
642	12476
643	12703
644	12347
645	12396
646	12211
647	12295
648	12076
649	12006
650	11995
651	11748
652	11817
653	11649
654	11585
655	11503
656	11456
657	11294
658	11318
659	11341
660	11024
661	11058
662	10920
663	10761
664	10788
665	10631
666	10701
667	10576
668	10729
669	10593
670	10279
671	10307
672	10258
673	10224
674	10117
675	9935
676	10036
677	9985
678	10162
679	9834
680	9640
681	9670
682	9511
683	9501
684	9607
685	9310
686	9366
687	9467
688	9241
689	9306
690	9222
691	9222
692	9084
693	9098
694	8919
695	9101
696	8895
697	8896
698	8799
699	8796
700	8718
701	8711
702	8548
703	8614
704	8663
705	8440
706	8519
707	8355
708	8386
709	8129
710	8107
711	8233
712	8234
713	8214
714	8209
715	7989
716	7958
717	8084
718	8082
719	8051
720	7912
721	8245
722	7878
723	7938
724	7932
725	7740
726	7735
727	7720
728	7751
729	7657
730	7626
731	7722
732	7744
733	7699
734	7591
735	7534
736	7480
737	7392
738	7497
739	7436
740	7450
741	7301
742	7345
743	7304
744	7240
745	7232
746	7244
747	7125
748	7192
749	7020
750	7135
751	7223
752	7157
753	6937
754	7135
755	7254
756	6929
757	6950
758	7117
759	6969
760	6836
761	6751
762	6805
763	6761
764	6715
765	6672
766	6705
767	6435
768	6721
769	6550
770	6561
771	6520
772	6657
773	6518
774	6484
775	6504
776	6351
777	6320
778	6363
779	6414
780	6307
781	6302
782	6153
783	6146
784	6260
785	6054
786	6108
787	6032
788	5954
789	5978
790	5879
791	5966
792	5925
793	5856
794	6037
795	5711
796	5667
797	5747
798	5557
799	5659
800	5656
801	5485
802	5493
803	5439
804	5457
805	5377
806	5328
807	5331
808	5268
809	5370
810	5155
811	5034
812	5175
813	5135
814	4939
815	4992
816	4965
817	4859
818	4895
819	4894
820	4779
821	4711
822	4754
823	4697
824	4775
825	4659
826	4590
827	4567
828	4669
829	4512
830	4405
831	4280
832	4302
833	4309
834	4301
835	4330
836	4205
837	4161
838	4180
839	4154
840	4064
841	4076
842	4083
843	4039
844	3874
845	3962
846	3814
847	3921
848	3778
849	3802
850	3720
851	3696
852	3589
853	3676
854	3684
855	3720
856	3527
857	3502
858	3496
859	3451
860	3306
861	3338
862	3374
863	3473
864	3464
865	3286
866	3352
867	3217
868	3263
869	3143
870	3164
871	3154
872	3164
873	2938
874	3053
875	3065
876	3109
877	2992
878	3048
879	2940
880	2955
881	2823
882	2898
883	2943
884	2880
885	2800
886	2781
887	2721
888	2844
889	2692
890	2688
891	2664
892	2709
893	2620
894	2647
895	2563
896	2707
897	2691
898	2611
899	2444
900	2459
901	2487
902	2494
903	2462
904	2483
905	2450
906	2378
907	2386
908	2395
909	2327
910	2387
911	2354
912	2324
913	2311
914	2300
915	2250
916	2340
917	2227
918	2196
919	2173
920	2170
921	2191
922	2206
923	2142
924	2179
925	2159
926	2080
927	2181
928	2120
929	2104
930	2069
931	2086
932	2051
933	2012
934	1989
935	1964
936	1981
937	1947
938	2023
939	1978
940	1866
941	1899
942	1896
943	1919
944	1921
945	1781
946	1800
947	1850
948	1814
949	1855
950	1768
951	1827
952	1776
953	1806
954	1821
955	1764
956	1785
957	1702
958	1713
959	1757
960	1592
961	1720
962	1611
963	1676
964	1570
965	1670
966	1558
967	1566
968	1628
969	1560
970	1614
971	1483
972	1556
973	1469
974	1546
975	1483
976	1445
977	1509
978	1505
979	1483
980	1511
981	1477
982	1383
983	1407
984	1459
985	1391
986	1368
987	1336
988	1261
989	1358
990	1335
991	1296
992	1314
993	1292
994	1267
995	1233
996	1287
997	1242
998	1172
999	1240
1000	1197
1001	1205
1002	1234
1003	1188
1004	1126
1005	1140
1006	1160
1007	1155
1008	1125
1009	1131
1010	1109
1011	1111
1012	1116
1013	1088
1014	1030
1015	1020
1016	996
1017	1083
1018	1034
1019	991
1020	1035
1021	1013
1022	951
1023	966
1024	967
1025	968
1026	909
1027	876
1028	926
1029	950
1030	914
1031	909
1032	887
1033	880
1034	866
1035	884
1036	862
1037	853
1038	836
1039	832
1040	802
1041	819
1042	824
1043	800
1044	799
1045	756
1046	723
1047	783
1048	779
1049	725
1050	786
1051	679
1052	725
1053	725
1054	702
1055	692
1056	693
1057	676
1058	666
1059	700
1060	631
1061	648
1062	604
1063	673
1064	598
1065	660
1066	589
1067	623
1068	635
1069	613
1070	608
1071	619
1072	618
1073	597
1074	536
1075	543
1076	573
1077	521
1078	539
1079	518
1080	559
1081	563
1082	492
1083	538
1084	496
1085	473
1086	503
1087	502
1088	507
1089	472
1090	469
1091	446
1092	466
1093	478
1094	444
1095	451
1096	440
1097	453
1098	493
1099	449
1100	421
1101	473
1102	409
1103	410
1104	455
1105	464
1106	394
1107	432
1108	404
1109	418
1110	418
1111	375
1112	395
1113	405
1114	376
1115	366
1116	377
1117	358
1118	353
1119	372
1120	376
1121	341
1122	374
1123	335
1124	350
1125	347
1126	359
1127	341
1128	327
1129	330
1130	345
1131	327
1132	354
1133	328
1134	353
1135	323
1136	358
1137	305
1138	319
1139	323
1140	297
1141	334
1142	306
1143	324
1144	318
1145	288
1146	291
1147	269
1148	288
1149	305
1150	268
1151	281
1152	260
1153	293
1154	265
1155	259
1156	259
1157	259
1158	258
1159	279
1160	257
1161	234
1162	234
1163	237
1164	246
1165	245
1166	237
1167	248
1168	248
1169	210
1170	231
1171	227
1172	218
1173	216
1174	222
1175	240
1176	239
1177	207
1178	196
1179	207
1180	210
1181	203
1182	218
1183	233
1184	198
1185	178
1186	186
1187	202
1188	208
1189	205
1190	192
1191	195
1192	186
1193	215
1194	192
1195	183
1196	169
1197	188
1198	176
1199	187
1200	174
1201	183
1202	177
1203	174
1204	156
1205	163
1206	178
1207	163
1208	149
1209	154
1210	150
1211	175
1212	143
1213	170
1214	159
1215	146
1216	151
1217	159
1218	143
1219	147
1220	152
1221	149
1222	159
1223	131
1224	128
1225	121
1226	126
1227	134
1228	135
1229	128
1230	119
1231	119
1232	122
1233	118
1234	131
1235	105
1236	138
1237	134
1238	123
1239	99
1240	104
1241	90
1242	114
1243	118
1244	98
1245	123
1246	122
1247	111
1248	113
1249	108
1250	94
1251	95
1252	94
1253	98
1254	99
1255	106
1256	92
1257	105
1258	89
1259	98
1260	90
1261	112
1262	97
1263	101
1264	90
1265	81
1266	82
1267	98
1268	87
1269	77
1270	87
1271	89
1272	67
1273	86
1274	77
1275	72
1276	83
1277	77
1278	80
1279	62
1280	77
1281	73
1282	67
1283	73
1284	55
1285	81
1286	65
1287	76
1288	92
1289	70
1290	78
1291	62
1292	56
1293	50
1294	59
1295	64
1296	63
1297	55
1298	43
1299	62
1300	52
1301	62
1302	56
1303	55
1304	58
1305	52
1306	43
1307	53
1308	49
1309	69
1310	53
1311	57
1312	37
1313	39
1314	76
1315	53
1316	51
1317	54
1318	58
1319	40
1320	43
1321	37
1322	45
1323	47
1324	45
1325	44
1326	46
1327	49
1328	43
1329	39
1330	41
1331	43
1332	41
1333	45
1334	44
1335	28
1336	36
1337	36
1338	36
1339	31
1340	42
1341	39
1342	35
1343	52
1344	41
1345	45
1346	33
1347	46
1348	38
1349	33
1350	38
1351	29
1352	26
1353	29
1354	37
1355	31
1356	28
1357	29
1358	21
1359	25
1360	28
1361	34
1362	29
1363	27
1364	22
1365	24
1366	34
1367	29
1368	25
1369	26
1370	15
1371	26
1372	16
1373	28
1374	25
1375	22
1376	27
1377	20
1378	19
1379	25
1380	22
1381	33
1382	13
1383	20
1384	32
1385	22
1386	21
1387	16
1388	19
1389	19
1390	17
1391	19
1392	17
1393	22
1394	18
1395	24
1396	17
1397	20
1398	17
1399	22
1400	17
1401	14
1402	12
1403	15
1404	15
1405	14
1406	14
1407	18
1408	18
1409	19
1410	18
1411	21
1412	15
1413	9
1414	17
1415	16
1416	19
1417	25
1418	13
1419	13
1420	12
1421	15
1422	13
1423	15
1424	19
1425	9
1426	17
1427	13
1428	19
1429	12
1430	11
1431	17
1432	14
1433	19
1434	10
1435	12
1436	10
1437	17
1438	14
1439	11
1440	21
1441	27
1442	11
1443	6
1444	10
1445	12
1446	12
1447	9
1448	12
1449	18
1450	5
1451	16
1452	19
1453	9
1454	12
1455	10
1456	20
1457	11
1458	5
1459	6
1460	9
1461	9
1462	12
1463	11
1464	16
1465	12
1466	14
1467	7
1468	9
1469	21
1470	10
1471	12
1472	7
1473	12
1474	8
1475	10
1476	7
1477	13
1478	13
1479	18
1480	11
1481	8
1482	9
1483	15
1484	14
1485	14
1486	11
1487	7
1488	8
1489	14
1490	7
1491	16
1492	16
1493	11
1494	12
1495	7
1496	13
1497	13
1498	11
1499	6
1500	8
1501	5
1502	8
1503	8
1504	10
1505	2
1506	6
1507	10
1508	10
1509	12
1510	7
1511	13
1512	8
1513	7
1514	11
1515	5
1516	15
1517	10
1518	12
1519	10
1520	13
1521	9
1522	14
1523	6
1524	4
1525	11
1526	11
1527	6
1528	8
1529	7
1530	2
1531	4
1532	7
1533	14
1534	12
1535	14
1536	11
1537	12
1538	12
1539	9
1540	8
1541	11
1542	9
1543	16
1544	4
1545	6
1546	12
1547	9
1548	3
1549	5
1550	9
1551	8
1552	6
1553	3
1554	10
1555	7
1556	4
1557	8
1558	12
1559	7
1560	6
1561	10
1562	7
1563	10
1564	10
1565	7
1566	6
1567	5
1568	8
1569	8
1570	8
1571	11
1572	4
1573	15
1574	4
1575	7
1576	8
1577	8
1578	10
1579	16
1580	6
1581	9
1582	6
1583	3
1584	8
1585	5
1586	4
1587	4
1588	6
1589	9
1590	6
1591	3
1592	7

