## htsjdk.samtools.metrics.StringHeader
# CollectInsertSizeMetrics HISTOGRAM_FILE=trimmed_3334-CH-1-TAGGCATG-ACTGCATA_S121_aligned_sorted_histogram.pdf INPUT=trimmed_3334-CH-1-TAGGCATG-ACTGCATA_S121_aligned_sorted.bam OUTPUT=trimmed_3334-CH-1-TAGGCATG-ACTGCATA_S121_aligned_sorted_ISM.txt VALIDATION_STRINGENCY=LENIENT    DEVIATIONS=10.0 MINIMUM_PCT=0.05 METRIC_ACCUMULATION_LEVEL=[ALL_READS] INCLUDE_DUPLICATES=false ASSUME_SORTED=true STOP_AFTER=0 VERBOSITY=INFO QUIET=false COMPRESSION_LEVEL=5 MAX_RECORDS_IN_RAM=500000 CREATE_INDEX=false CREATE_MD5_FILE=false GA4GH_CLIENT_SECRETS=client_secrets.json USE_JDK_DEFLATER=false USE_JDK_INFLATER=false
## htsjdk.samtools.metrics.StringHeader
# Started on: Sat Sep 12 12:30:35 CDT 2020

## METRICS CLASS	picard.analysis.InsertSizeMetrics
MEDIAN_INSERT_SIZE	MODE_INSERT_SIZE	MEDIAN_ABSOLUTE_DEVIATION	MIN_INSERT_SIZE	MAX_INSERT_SIZE	MEAN_INSERT_SIZE	STANDARD_DEVIATION	READ_PAIRS	PAIR_ORIENTATION	WIDTH_OF_10_PERCENT	WIDTH_OF_20_PERCENT	WIDTH_OF_30_PERCENT	WIDTH_OF_40_PERCENT	WIDTH_OF_50_PERCENT	WIDTH_OF_60_PERCENT	WIDTH_OF_70_PERCENT	WIDTH_OF_80_PERCENT	WIDTH_OF_90_PERCENT	WIDTH_OF_95_PERCENT	WIDTH_OF_99_PERCENT	SAMPLE	LIBRARY	READ_GROUP
244	52	136	2	231488831	295.923953	196.675071	151751515	FR	37	75	123	199	273	323	365	413	679	857	1255			

## HISTOGRAM	java.lang.Integer
insert_size	All_Reads.fr_count
2	580
3	2201
4	793
5	371
6	288
7	445
8	504
9	6163
10	605
11	449
12	196
13	329
14	858
15	1928
16	607
17	462
18	325
19	33606
20	18755
21	9638
22	3356
23	2086
24	1777
25	2008
26	2852
27	4091
28	2612
29	3281
30	2932
31	3439
32	4388
33	8677
34	12471
35	26177
36	58601
37	82572
38	104444
39	161145
40	297703
41	353946
42	309887
43	261246
44	270972
45	301727
46	308984
47	306408
48	308864
49	342663
50	456790
51	639833
52	646750
53	546022
54	473280
55	449204
56	450312
57	440234
58	420394
59	421866
60	458532
61	541644
62	602453
63	591000
64	568936
65	536654
66	512694
67	488756
68	451619
69	433693
70	439530
71	473920
72	522441
73	545228
74	537072
75	521540
76	500381
77	474000
78	445278
79	419673
80	406608
81	424884
82	457644
83	475034
84	479063
85	477234
86	452106
87	434163
88	404984
89	377605
90	360486
91	355543
92	366100
93	387570
94	399854
95	399901
96	387612
97	372881
98	352670
99	334791
100	321833
101	304688
102	306974
103	313116
104	323735
105	330762
106	326163
107	315296
108	302220
109	289239
110	276566
111	268900
112	265348
113	258787
114	261242
115	269646
116	269214
117	268514
118	261264
119	248426
120	239195
121	228911
122	224365
123	224771
124	224388
125	225503
126	226160
127	225644
128	221140
129	217834
130	212970
131	201375
132	194257
133	196649
134	193821
135	195077
136	196756
137	202429
138	209430
139	196471
140	191347
141	187970
142	179051
143	174595
144	171980
145	171617
146	174329
147	176323
148	183549
149	196149
150	230589
151	278496
152	245969
153	193677
154	167863
155	165635
156	166030
157	170874
158	179004
159	184393
160	193688
161	193520
162	188503
163	189911
164	202671
165	223579
166	240595
167	258748
168	258702
169	239724
170	229079
171	225774
172	229919
173	265784
174	342574
175	416380
176	430134
177	392680
178	341232
179	294499
180	279512
181	279462
182	287406
183	312748
184	343760
185	384235
186	402873
187	390526
188	376061
189	354466
190	336524
191	341507
192	368403
193	404411
194	441044
195	459952
196	468510
197	451063
198	434126
199	420140
200	416615
201	433212
202	461604
203	502331
204	543366
205	564387
206	560996
207	533212
208	506825
209	481530
210	476578
211	483145
212	500392
213	529498
214	565927
215	577864
216	591624
217	569489
218	544643
219	528726
220	506809
221	502906
222	503304
223	521712
224	539500
225	553764
226	552954
227	539592
228	533584
229	512362
230	490797
231	480475
232	475206
233	479904
234	485391
235	496112
236	497114
237	488133
238	477223
239	465034
240	448537
241	434687
242	424369
243	420142
244	419394
245	416503
246	418772
247	419910
248	407773
249	396258
250	388322
251	379343
252	366652
253	360051
254	353386
255	352495
256	352622
257	348869
258	344285
259	338175
260	329563
261	324497
262	306176
263	306497
264	298119
265	297632
266	286878
267	290596
268	285358
269	285298
270	275955
271	269621
272	262817
273	258295
274	256171
275	247492
276	247165
277	246741
278	240470
279	242651
280	236908
281	233069
282	227738
283	224413
284	218095
285	213903
286	210480
287	207987
288	207838
289	210090
290	202561
291	203565
292	198446
293	195348
294	190069
295	188740
296	185570
297	184411
298	183677
299	184104
300	184688
301	183744
302	176827
303	178869
304	171688
305	168531
306	167082
307	168938
308	167804
309	169676
310	172074
311	168900
312	167063
313	167515
314	162589
315	159848
316	159250
317	157359
318	159368
319	156739
320	162520
321	160314
322	162259
323	158475
324	155002
325	155070
326	151386
327	154172
328	154900
329	155738
330	157925
331	162758
332	158193
333	159695
334	157241
335	155939
336	154761
337	154812
338	157600
339	158057
340	159536
341	160678
342	161036
343	164371
344	161519
345	166264
346	165401
347	163947
348	166214
349	170672
350	168799
351	169709
352	171492
353	174989
354	174050
355	174051
356	177020
357	175353
358	178619
359	181050
360	182369
361	186027
362	187202
363	186259
364	188336
365	192640
366	191508
367	196656
368	194774
369	202057
370	196226
371	196167
372	202291
373	204009
374	201960
375	208715
376	208777
377	211296
378	213555
379	217015
380	215689
381	219035
382	217443
383	217361
384	218830
385	225426
386	227772
387	227286
388	227374
389	231892
390	234533
391	237599
392	236744
393	240103
394	237108
395	239866
396	239066
397	240786
398	245399
399	248506
400	245690
401	250939
402	250553
403	254707
404	250692
405	250935
406	249947
407	253111
408	253945
409	252333
410	252923
411	252158
412	254036
413	251014
414	248633
415	250277
416	251404
417	247895
418	248075
419	249231
420	249759
421	246186
422	245078
423	242259
424	243893
425	238501
426	239145
427	240062
428	235696
429	233652
430	229175
431	230204
432	227334
433	228157
434	224551
435	221291
436	220583
437	221144
438	214140
439	215399
440	213675
441	207109
442	204475
443	206088
444	202088
445	201318
446	199640
447	196334
448	193152
449	188724
450	190862
451	181371
452	185105
453	181358
454	180816
455	179235
456	174352
457	172689
458	167749
459	168869
460	167363
461	163023
462	159911
463	159489
464	161045
465	156057
466	154113
467	153498
468	150147
469	149055
470	144315
471	144492
472	141707
473	142010
474	138131
475	137200
476	136828
477	134201
478	132406
479	128431
480	128398
481	126985
482	128806
483	123308
484	124220
485	120764
486	119328
487	120149
488	118332
489	116602
490	115787
491	115531
492	110913
493	109035
494	108397
495	110406
496	108956
497	106850
498	107279
499	104531
500	103327
501	103887
502	104133
503	103223
504	99171
505	101150
506	100453
507	97996
508	96801
509	98336
510	98773
511	99277
512	94466
513	98072
514	94664
515	94816
516	94848
517	93865
518	94966
519	92882
520	94829
521	92607
522	94729
523	91718
524	91297
525	92703
526	91448
527	91840
528	92315
529	92193
530	90691
531	92387
532	92315
533	93422
534	89228
535	92509
536	90439
537	91856
538	90750
539	89850
540	89028
541	90107
542	92154
543	91668
544	92086
545	91172
546	91280
547	93775
548	91365
549	90758
550	88932
551	93635
552	91153
553	92889
554	91816
555	92583
556	96543
557	91774
558	95608
559	93392
560	93262
561	95196
562	95255
563	97419
564	94448
565	94388
566	95813
567	97618
568	95985
569	96957
570	98897
571	100794
572	96113
573	98402
574	96645
575	97286
576	98197
577	96861
578	99678
579	98355
580	96901
581	102762
582	96993
583	101392
584	99592
585	101332
586	100073
587	99655
588	102318
589	100488
590	101114
591	100545
592	101927
593	103012
594	102169
595	102006
596	101913
597	99966
598	99795
599	99343
600	100855
601	99446
602	101188
603	100967
604	99997
605	99968
606	100345
607	99046
608	97777
609	100406
610	97154
611	101143
612	96411
613	97221
614	98011
615	97968
616	96139
617	97121
618	94839
619	93611
620	95015
621	93474
622	92820
623	93643
624	92376
625	90250
626	91617
627	90775
628	87933
629	88781
630	90494
631	86394
632	86315
633	88398
634	84294
635	85385
636	82960
637	82159
638	81176
639	79927
640	80647
641	79437
642	77982
643	77340
644	77664
645	77006
646	73807
647	74791
648	71413
649	72846
650	72957
651	72073
652	69940
653	69882
654	69736
655	69388
656	69205
657	67025
658	65086
659	63859
660	62949
661	61057
662	62318
663	60392
664	60119
665	60156
666	58247
667	58048
668	57660
669	57445
670	56963
671	56667
672	55339
673	53096
674	55028
675	53192
676	53256
677	52795
678	51401
679	50648
680	50598
681	50153
682	49475
683	47816
684	48107
685	47844
686	45659
687	46800
688	45181
689	45896
690	46254
691	45904
692	45319
693	44817
694	43888
695	43034
696	43493
697	43553
698	41252
699	43148
700	40113
701	41161
702	41316
703	41322
704	40421
705	39811
706	38373
707	39126
708	37946
709	37805
710	38874
711	37791
712	37044
713	38299
714	37276
715	37654
716	36816
717	35146
718	34594
719	35043
720	35914
721	34076
722	35353
723	35996
724	34615
725	35383
726	34090
727	35365
728	33670
729	34536
730	34578
731	33056
732	34437
733	33076
734	33715
735	33209
736	33758
737	32657
738	32688
739	32629
740	32818
741	31789
742	32797
743	33184
744	32490
745	32667
746	33457
747	33262
748	30946
749	32270
750	32635
751	31478
752	32276
753	31775
754	31545
755	31563
756	31536
757	32253
758	32110
759	31129
760	30309
761	31214
762	31174
763	31336
764	31949
765	30292
766	30390
767	30476
768	30730
769	30719
770	30151
771	29088
772	29674
773	30468
774	29597
775	30758
776	29576
777	29284
778	29033
779	29555
780	29524
781	30095
782	29838
783	29744
784	29904
785	29464
786	28851
787	29482
788	28152
789	29107
790	29087
791	28032
792	27428
793	28827
794	28289
795	29065
796	28244
797	28134
798	27060
799	27125
800	26959
801	27501
802	26622
803	27052
804	27374
805	26480
806	26215
807	26115
808	26903
809	26314
810	25854
811	26178
812	25452
813	25533
814	25772
815	25371
816	25419
817	24214
818	24807
819	24091
820	24257
821	23770
822	23825
823	23882
824	23973
825	21981
826	22869
827	22316
828	23199
829	22439
830	21475
831	21700
832	22404
833	21895
834	21633
835	20950
836	21274
837	20522
838	20248
839	20098
840	19322
841	19732
842	20407
843	19236
844	18977
845	18558
846	18758
847	19395
848	18310
849	17317
850	17792
851	17793
852	17480
853	17496
854	17484
855	16935
856	16661
857	16002
858	16188
859	16601
860	16016
861	15508
862	15303
863	15773
864	15370
865	14835
866	14633
867	14576
868	14262
869	14145
870	13632
871	13466
872	13805
873	13475
874	13226
875	12439
876	13408
877	12741
878	13268
879	12570
880	12442
881	12437
882	12564
883	11690
884	11649
885	11205
886	11371
887	11165
888	10422
889	10396
890	11110
891	11244
892	10581
893	10464
894	10471
895	10427
896	10271
897	10157
898	10501
899	9686
900	9603
901	9887
902	9114
903	9835
904	9947
905	8895
906	9552
907	9483
908	8979
909	9369
910	8787
911	9025
912	9092
913	8783
914	8592
915	8348
916	8714
917	8387
918	8527
919	7798
920	8258
921	8244
922	8138
923	8477
924	8295
925	7891
926	7913
927	7470
928	7456
929	7801
930	7685
931	7576
932	7422
933	7482
934	7625
935	7223
936	7161
937	7158
938	6838
939	7158
940	6953
941	7379
942	6848
943	6652
944	6995
945	6616
946	6451
947	6713
948	6792
949	6817
950	6767
951	6570
952	6513
953	6326
954	6368
955	6222
956	6590
957	6451
958	6035
959	6288
960	6381
961	6116
962	6468
963	5954
964	6235
965	6448
966	6445
967	6036
968	5988
969	6134
970	5708
971	5754
972	5566
973	5792
974	5779
975	5695
976	5521
977	5667
978	5455
979	5622
980	5609
981	5299
982	5504
983	5456
984	5130
985	5073
986	5302
987	5488
988	4887
989	4831
990	5057
991	5067
992	5277
993	5072
994	5332
995	5004
996	4766
997	4858
998	4681
999	4820
1000	4717
1001	4903
1002	4305
1003	4431
1004	4518
1005	4539
1006	4716
1007	4260
1008	4465
1009	4505
1010	4139
1011	4161
1012	4511
1013	4315
1014	4343
1015	4001
1016	4033
1017	4123
1018	3992
1019	4010
1020	4129
1021	4005
1022	3778
1023	3836
1024	3840
1025	3579
1026	3767
1027	3748
1028	3790
1029	3638
1030	3581
1031	3472
1032	3540
1033	3456
1034	3397
1035	3291
1036	3323
1037	3223
1038	3089
1039	3091
1040	3100
1041	3227
1042	3073
1043	2911
1044	2876
1045	3063
1046	2915
1047	2993
1048	2782
1049	2840
1050	2762
1051	2721
1052	2765
1053	2650
1054	2635
1055	2430
1056	2409
1057	2567
1058	2680
1059	2482
1060	2359
1061	2582
1062	2247
1063	2464
1064	2448
1065	2243
1066	2381
1067	2418
1068	2379
1069	2208
1070	2086
1071	2125
1072	2246
1073	1922
1074	2023
1075	1823
1076	2025
1077	1966
1078	1987
1079	1763
1080	1848
1081	1987
1082	1839
1083	1863
1084	1809
1085	1611
1086	1778
1087	1674
1088	1837
1089	1711
1090	1678
1091	1544
1092	1569
1093	1657
1094	1664
1095	1563
1096	1577
1097	1543
1098	1351
1099	1507
1100	1502
1101	1521
1102	1429
1103	1418
1104	1425
1105	1431
1106	1373
1107	1266
1108	1368
1109	1291
1110	1333
1111	1444
1112	1391
1113	1351
1114	1130
1115	1241
1116	1261
1117	1275
1118	1336
1119	1230
1120	1180
1121	1124
1122	1196
1123	1099
1124	1164
1125	1176
1126	1118
1127	1007
1128	1127
1129	1059
1130	1188
1131	1010
1132	1005
1133	1059
1134	959
1135	1067
1136	1050
1137	1034
1138	1040
1139	1042
1140	1020
1141	1146
1142	889
1143	900
1144	1064
1145	911
1146	953
1147	904
1148	900
1149	887
1150	874
1151	1021
1152	808
1153	962
1154	867
1155	976
1156	867
1157	883
1158	895
1159	867
1160	852
1161	853
1162	793
1163	822
1164	771
1165	766
1166	735
1167	828
1168	806
1169	844
1170	784
1171	815
1172	708
1173	754
1174	799
1175	714
1176	749
1177	794
1178	715
1179	751
1180	707
1181	727
1182	737
1183	740
1184	625
1185	767
1186	613
1187	611
1188	677
1189	713
1190	670
1191	560
1192	659
1193	612
1194	634
1195	647
1196	599
1197	618
1198	549
1199	606
1200	543
1201	590
1202	586
1203	553
1204	530
1205	513
1206	550
1207	504
1208	546
1209	516
1210	495
1211	499
1212	476
1213	547
1214	454
1215	465
1216	452
1217	497
1218	545
1219	457
1220	430
1221	368
1222	414
1223	364
1224	416
1225	359
1226	383
1227	354
1228	351
1229	356
1230	383
1231	345
1232	328
1233	360
1234	299
1235	371
1236	295
1237	337
1238	297
1239	320
1240	317
1241	285
1242	285
1243	340
1244	304
1245	235
1246	275
1247	271
1248	238
1249	230
1250	251
1251	263
1252	237
1253	251
1254	248
1255	192
1256	189
1257	244
1258	254
1259	206
1260	223
1261	227
1262	235
1263	174
1264	171
1265	197
1266	232
1267	187
1268	217
1269	182
1270	174
1271	222
1272	193
1273	180
1274	181
1275	142
1276	185
1277	185
1278	176
1279	194
1280	136
1281	161
1282	163
1283	167
1284	165
1285	160
1286	157
1287	181
1288	140
1289	172
1290	132
1291	151
1292	130
1293	158
1294	199
1295	148
1296	150
1297	146
1298	157
1299	144
1300	133
1301	147
1302	152
1303	166
1304	122
1305	146
1306	123
1307	137
1308	129
1309	133
1310	121
1311	109
1312	126
1313	132
1314	130
1315	125
1316	122
1317	109
1318	114
1319	95
1320	131
1321	106
1322	99
1323	107
1324	87
1325	104
1326	147
1327	107
1328	98
1329	84
1330	115
1331	92
1332	104
1333	102
1334	83
1335	107
1336	110
1337	87
1338	96
1339	99
1340	110
1341	139
1342	90
1343	94
1344	85
1345	81
1346	119
1347	112
1348	112
1349	88
1350	106
1351	79
1352	94
1353	94
1354	99
1355	103
1356	93
1357	108
1358	105
1359	115
1360	110
1361	60
1362	100
1363	83
1364	76
1365	71
1366	71
1367	75
1368	79
1369	91
1370	104
1371	81
1372	89
1373	59
1374	89
1375	87
1376	80
1377	85
1378	84
1379	91
1380	76
1381	105
1382	95
1383	93
1384	78
1385	71
1386	64
1387	57
1388	77
1389	64
1390	94
1391	59
1392	65
1393	89
1394	54
1395	89
1396	57
1397	70
1398	72
1399	49
1400	60
1401	48
1402	41
1403	99
1404	67
1405	43
1406	88
1407	63
1408	47
1409	75
1410	53
1411	53
1412	71
1413	83
1414	63
1415	71
1416	50
1417	53
1418	43
1419	39
1420	52
1421	44
1422	55
1423	48
1424	66
1425	58
1426	55
1427	49
1428	61
1429	50
1430	44
1431	46
1432	60
1433	56
1434	34
1435	32
1436	72
1437	43
1438	70
1439	49
1440	60
1441	48
1442	62
1443	52
1444	61
1445	38
1446	63
1447	46
1448	48
1449	47
1450	57
1451	40
1452	39
1453	32
1454	41
1455	62
1456	52
1457	43
1458	46
1459	44
1460	43
1461	38
1462	62
1463	30
1464	52
1465	33
1466	27
1467	25
1468	76
1469	20
1470	42
1471	27
1472	41
1473	28
1474	46
1475	37
1476	52
1477	35
1478	42
1479	50
1480	33
1481	29
1482	20
1483	30
1484	31
1485	34
1486	30
1487	53
1488	23
1489	48
1490	50
1491	51
1492	30
1493	53
1494	36
1495	29
1496	26
1497	35
1498	25
1499	35
1500	40
1501	53
1502	34
1503	24
1504	35
1505	26
1506	38
1507	17
1508	29
1509	20
1510	16
1511	25
1512	41
1513	30
1514	63
1515	31
1516	21
1517	16
1518	50
1519	27
1520	22
1521	17
1522	20
1523	25
1524	34
1525	20
1526	27
1527	23
1528	24
1529	17
1530	23
1531	32
1532	30
1533	12
1534	30
1535	28
1536	26
1537	17
1538	18
1539	13
1540	26
1541	41
1542	28
1543	22
1544	33
1545	15
1546	20
1547	32
1548	28
1549	21
1550	26
1551	18
1552	29
1553	38
1554	30
1555	33
1556	35
1557	46
1558	21
1559	28
1560	20
1561	37
1562	27
1563	9
1564	15
1565	20
1566	33
1567	29
1568	21
1569	22
1570	17
1571	17
1572	14
1573	15
1574	19
1575	23
1576	26
1577	26
1578	19
1579	19
1580	11
1581	16
1582	13
1583	42
1584	29
1585	16
1586	20
1587	32
1588	16
1589	12
1590	39
1591	23
1592	20
1593	15
1594	20
1595	53
1596	24
1597	20
1598	25
1599	22
1600	21
1601	29
1602	26
1603	21
1604	11

