## htsjdk.samtools.metrics.StringHeader
# CollectInsertSizeMetrics HISTOGRAM_FILE=trimmed_3334-CH-2-CGTACTAG-CTCTCTAT_S122_aligned_sorted_histogram.pdf INPUT=trimmed_3334-CH-2-CGTACTAG-CTCTCTAT_S122_aligned_sorted.bam OUTPUT=trimmed_3334-CH-2-CGTACTAG-CTCTCTAT_S122_aligned_sorted_ISM.txt VALIDATION_STRINGENCY=LENIENT    DEVIATIONS=10.0 MINIMUM_PCT=0.05 METRIC_ACCUMULATION_LEVEL=[ALL_READS] INCLUDE_DUPLICATES=false ASSUME_SORTED=true STOP_AFTER=0 VERBOSITY=INFO QUIET=false COMPRESSION_LEVEL=5 MAX_RECORDS_IN_RAM=500000 CREATE_INDEX=false CREATE_MD5_FILE=false GA4GH_CLIENT_SECRETS=client_secrets.json USE_JDK_DEFLATER=false USE_JDK_INFLATER=false
## htsjdk.samtools.metrics.StringHeader
# Started on: Sun Sep 13 02:46:46 CDT 2020

## METRICS CLASS	picard.analysis.InsertSizeMetrics
MEDIAN_INSERT_SIZE	MODE_INSERT_SIZE	MEDIAN_ABSOLUTE_DEVIATION	MIN_INSERT_SIZE	MAX_INSERT_SIZE	MEAN_INSERT_SIZE	STANDARD_DEVIATION	READ_PAIRS	PAIR_ORIENTATION	WIDTH_OF_10_PERCENT	WIDTH_OF_20_PERCENT	WIDTH_OF_30_PERCENT	WIDTH_OF_40_PERCENT	WIDTH_OF_50_PERCENT	WIDTH_OF_60_PERCENT	WIDTH_OF_70_PERCENT	WIDTH_OF_80_PERCENT	WIDTH_OF_90_PERCENT	WIDTH_OF_95_PERCENT	WIDTH_OF_99_PERCENT	SAMPLE	LIBRARY	READ_GROUP
233	52	137	2	242917615	287.658128	209.509112	123892294	FR	49	105	165	225	275	317	357	447	721	941	1361			

## HISTOGRAM	java.lang.Integer
insert_size	All_Reads.fr_count
2	552
3	1146
4	892
5	442
6	347
7	481
8	549
9	6199
10	677
11	542
12	299
13	474
14	861
15	1051
16	549
17	581
18	468
19	11574
20	7678
21	5561
22	3044
23	2604
24	2906
25	3244
26	7515
27	10334
28	11353
29	13013
30	11896
31	12188
32	12070
33	16476
34	23856
35	42454
36	75026
37	104497
38	125067
39	165485
40	239947
41	288694
42	306747
43	280974
44	283510
45	303396
46	302844
47	301092
48	303892
49	334146
50	408614
51	518098
52	624571
53	591374
54	491230
55	441310
56	426490
57	418117
58	396934
59	396889
60	417150
61	462605
62	522186
63	553154
64	548478
65	509166
66	479877
67	450942
68	415352
69	409422
70	397182
71	430357
72	466695
73	491486
74	504980
75	500538
76	482471
77	461093
78	423995
79	405541
80	391796
81	408629
82	426838
83	446940
84	460715
85	464900
86	451525
87	439568
88	407562
89	389957
90	374111
91	373213
92	380538
93	397710
94	408789
95	418188
96	412292
97	400859
98	382913
99	371567
100	360810
101	344823
102	343940
103	350781
104	359210
105	368467
106	366414
107	360788
108	352838
109	337014
110	326786
111	317244
112	312000
113	310615
114	315765
115	323746
116	324310
117	327301
118	321022
119	310679
120	301489
121	287622
122	282150
123	279678
124	282639
125	287066
126	288059
127	290147
128	286728
129	283576
130	279320
131	270584
132	264101
133	258390
134	257181
135	261121
136	260820
137	264553
138	268410
139	266272
140	266144
141	269827
142	260358
143	248268
144	239546
145	237441
146	237794
147	239822
148	246340
149	252295
150	268731
151	284558
152	269236
153	243628
154	229705
155	225353
156	226966
157	226264
158	226988
159	235941
160	234388
161	232823
162	227663
163	228234
164	229883
165	232878
166	238246
167	241494
168	246003
169	243023
170	234607
171	231715
172	227666
173	233811
174	247350
175	260383
176	261983
177	258446
178	250801
179	245526
180	240769
181	237172
182	237074
183	238121
184	241768
185	247119
186	249981
187	249762
188	248616
189	247796
190	242406
191	240847
192	243355
193	249627
194	255030
195	259135
196	261093
197	257878
198	256509
199	254277
200	254439
201	256042
202	262490
203	268476
204	276942
205	276420
206	277964
207	273250
208	267138
209	263761
210	261052
211	264509
212	270738
213	279076
214	284329
215	286966
216	283471
217	279502
218	273674
219	269132
220	263946
221	262610
222	264944
223	272278
224	277874
225	279458
226	279048
227	275406
228	270214
229	265291
230	258891
231	256042
232	255690
233	256574
234	260738
235	262282
236	262468
237	260779
238	257722
239	251136
240	247610
241	241513
242	240745
243	239053
244	239025
245	240199
246	240821
247	239429
248	237847
249	236115
250	231717
251	228146
252	222374
253	222025
254	221726
255	220628
256	221003
257	219453
258	218495
259	217237
260	214703
261	211819
262	209109
263	206206
264	204588
265	202768
266	202127
267	202500
268	202476
269	199944
270	197841
271	195813
272	193721
273	191933
274	190172
275	187789
276	187015
277	186755
278	186638
279	186441
280	184524
281	183979
282	182472
283	180391
284	178352
285	176074
286	174969
287	175053
288	175140
289	175076
290	173804
291	174778
292	172203
293	171331
294	169067
295	168102
296	165839
297	165939
298	167211
299	169125
300	166980
301	166360
302	166669
303	166039
304	163633
305	160181
306	160102
307	158485
308	160016
309	160445
310	161636
311	162359
312	161294
313	160517
314	157168
315	157296
316	155574
317	154811
318	154607
319	156154
320	156247
321	157086
322	157089
323	155416
324	154839
325	154481
326	152277
327	152997
328	152883
329	152466
330	153478
331	153970
332	154007
333	153426
334	154258
335	152919
336	151705
337	151522
338	151180
339	152401
340	151651
341	153249
342	152900
343	153064
344	153280
345	152893
346	152823
347	152237
348	153153
349	153876
350	152468
351	153396
352	153455
353	153026
354	153807
355	152874
356	154034
357	154618
358	154094
359	155037
360	154279
361	154441
362	155198
363	155143
364	155096
365	153700
366	155538
367	154058
368	154512
369	155919
370	155676
371	155359
372	155637
373	157899
374	156458
375	156189
376	154753
377	156185
378	155346
379	156878
380	156123
381	156428
382	158119
383	156992
384	157632
385	156065
386	156690
387	156734
388	157173
389	156959
390	157786
391	158427
392	157261
393	157400
394	156546
395	155869
396	156011
397	156819
398	155894
399	156429
400	155117
401	155358
402	155560
403	155281
404	155421
405	153613
406	154144
407	153852
408	152097
409	152558
410	151458
411	151555
412	150736
413	150553
414	150438
415	149565
416	149043
417	148481
418	146877
419	147767
420	145707
421	145152
422	145326
423	144781
424	142341
425	142616
426	140303
427	140279
428	140125
429	139913
430	137707
431	136953
432	137685
433	137021
434	135963
435	135783
436	134280
437	133423
438	132875
439	132505
440	130659
441	128711
442	127943
443	128634
444	128073
445	126608
446	124919
447	124163
448	123623
449	122706
450	121830
451	121273
452	121827
453	121134
454	118696
455	118722
456	118609
457	117280
458	116697
459	115324
460	114722
461	113108
462	112627
463	112218
464	111293
465	111189
466	110352
467	109897
468	109390
469	108839
470	107366
471	107225
472	106275
473	105868
474	106008
475	104783
476	104506
477	104180
478	102302
479	102947
480	101532
481	101026
482	100501
483	100035
484	99931
485	99838
486	99365
487	98915
488	98709
489	96616
490	96592
491	97002
492	95676
493	94969
494	95486
495	96121
496	94448
497	95118
498	93645
499	93040
500	92351
501	92999
502	92066
503	91858
504	91937
505	91861
506	91732
507	91341
508	90738
509	89953
510	88989
511	89697
512	90022
513	89090
514	88813
515	88422
516	88187
517	87916
518	87880
519	86717
520	87289
521	86764
522	87767
523	86997
524	85558
525	86935
526	86093
527	85776
528	85920
529	85645
530	85300
531	85456
532	85996
533	85891
534	85067
535	85517
536	85177
537	84262
538	84935
539	84569
540	83771
541	84101
542	84141
543	84606
544	83922
545	83477
546	83349
547	83240
548	83015
549	83077
550	81760
551	82747
552	82819
553	83287
554	82723
555	82864
556	82888
557	82455
558	83345
559	82333
560	82701
561	81781
562	81450
563	81569
564	81484
565	81584
566	80939
567	81402
568	81137
569	81051
570	81629
571	80703
572	80745
573	80755
574	80541
575	80050
576	79967
577	79910
578	79989
579	79277
580	79387
581	79361
582	78942
583	78523
584	78438
585	77701
586	79106
587	77914
588	77255
589	78667
590	77664
591	76781
592	76549
593	76027
594	77162
595	76468
596	75447
597	76014
598	75478
599	75025
600	74182
601	74610
602	73877
603	73631
604	74416
605	72489
606	73221
607	72527
608	71941
609	72214
610	71066
611	70903
612	70862
613	70254
614	69680
615	69335
616	69218
617	68494
618	68638
619	67867
620	68083
621	67354
622	66397
623	66653
624	65900
625	65124
626	64470
627	64448
628	64206
629	63082
630	63042
631	62828
632	63026
633	62734
634	61818
635	60626
636	61075
637	60540
638	60474
639	59371
640	59261
641	58631
642	58087
643	58374
644	57050
645	57192
646	56201
647	56321
648	55377
649	55256
650	55048
651	54335
652	54755
653	53527
654	53013
655	53011
656	52165
657	51554
658	51427
659	51670
660	51003
661	50338
662	50211
663	49572
664	49702
665	48735
666	48909
667	48432
668	48821
669	47943
670	47430
671	47408
672	46934
673	46835
674	46080
675	45858
676	45791
677	45977
678	45719
679	44881
680	44710
681	44427
682	43925
683	43383
684	44155
685	43143
686	42797
687	43344
688	42488
689	42867
690	42258
691	42063
692	41662
693	41282
694	41256
695	41540
696	40526
697	40508
698	40366
699	39933
700	40129
701	39385
702	39327
703	39169
704	38858
705	38807
706	38851
707	38521
708	37841
709	37814
710	37373
711	37692
712	37390
713	37588
714	37293
715	37012
716	36641
717	36707
718	36754
719	36717
720	35871
721	36509
722	35767
723	35835
724	35852
725	35043
726	35335
727	35231
728	35315
729	34539
730	34429
731	34713
732	34970
733	34665
734	33941
735	34232
736	33516
737	33905
738	33594
739	33623
740	33742
741	33351
742	33218
743	32986
744	32466
745	32603
746	32259
747	32492
748	32398
749	31880
750	32150
751	32252
752	31817
753	31569
754	31934
755	32164
756	31012
757	31203
758	31820
759	30905
760	30596
761	30929
762	30809
763	30704
764	30499
765	29819
766	30130
767	29646
768	29986
769	30044
770	29568
771	29396
772	29629
773	29154
774	28905
775	28613
776	28702
777	28254
778	28556
779	28570
780	28123
781	28135
782	27629
783	27850
784	27746
785	27030
786	26789
787	27215
788	26632
789	26612
790	26453
791	26711
792	26457
793	25928
794	26092
795	25481
796	25279
797	25681
798	25125
799	25028
800	25119
801	24515
802	24568
803	24591
804	24344
805	23848
806	23971
807	23671
808	23482
809	23876
810	23072
811	22928
812	22989
813	22904
814	22220
815	22448
816	22096
817	21683
818	21919
819	21688
820	21630
821	21010
822	21148
823	21012
824	21088
825	20359
826	20346
827	20281
828	20401
829	20217
830	19655
831	19191
832	19332
833	19200
834	19108
835	19062
836	18664
837	18416
838	18579
839	18103
840	18054
841	18022
842	17596
843	17455
844	17560
845	17332
846	16943
847	16978
848	16657
849	16726
850	16437
851	16560
852	16119
853	16194
854	16090
855	16049
856	15681
857	15630
858	15434
859	15498
860	14978
861	14843
862	14905
863	15298
864	14993
865	14678
866	14425
867	14110
868	14307
869	14030
870	13935
871	13840
872	13805
873	13262
874	13413
875	13369
876	13350
877	13073
878	13079
879	12888
880	12798
881	12469
882	12652
883	12744
884	12279
885	12197
886	12155
887	11835
888	12177
889	12009
890	11753
891	11709
892	11771
893	11566
894	11643
895	11407
896	11313
897	11492
898	11373
899	10823
900	10930
901	10852
902	10721
903	10660
904	10634
905	10494
906	10390
907	10248
908	10387
909	10269
910	10173
911	10242
912	10062
913	9922
914	9989
915	9568
916	9736
917	9524
918	9555
919	9592
920	9493
921	9555
922	9556
923	9359
924	9171
925	9328
926	8977
927	9334
928	9086
929	9100
930	8949
931	8907
932	8773
933	8717
934	8448
935	8601
936	8511
937	8375
938	8590
939	8400
940	8196
941	8074
942	8192
943	8146
944	8128
945	7833
946	7965
947	7913
948	7851
949	7880
950	7757
951	7666
952	7514
953	7614
954	7606
955	7403
956	7526
957	7413
958	7290
959	7392
960	6938
961	7388
962	7138
963	7242
964	7033
965	7079
966	6976
967	6889
968	6850
969	6739
970	6697
971	6488
972	6546
973	6515
974	6491
975	6305
976	6311
977	6377
978	6332
979	6390
980	6281
981	6220
982	6020
983	6063
984	6150
985	5816
986	5773
987	5788
988	5670
989	5729
990	5792
991	5589
992	5667
993	5675
994	5249
995	5271
996	5391
997	5283
998	5264
999	5368
1000	4984
1001	4999
1002	5153
1003	5047
1004	4938
1005	4920
1006	4873
1007	4803
1008	4841
1009	4816
1010	4590
1011	4638
1012	4648
1013	4606
1014	4466
1015	4462
1016	4353
1017	4457
1018	4383
1019	4167
1020	4206
1021	4242
1022	4137
1023	4183
1024	4078
1025	4027
1026	3900
1027	3823
1028	3939
1029	3940
1030	3882
1031	3876
1032	3653
1033	3801
1034	3633
1035	3751
1036	3600
1037	3655
1038	3467
1039	3574
1040	3387
1041	3433
1042	3424
1043	3387
1044	3359
1045	3291
1046	3248
1047	3114
1048	3209
1049	2996
1050	3180
1051	3098
1052	3076
1053	3034
1054	2954
1055	2963
1056	2979
1057	2876
1058	2854
1059	2772
1060	2707
1061	2708
1062	2651
1063	2715
1064	2568
1065	2624
1066	2523
1067	2615
1068	2552
1069	2491
1070	2530
1071	2511
1072	2444
1073	2502
1074	2315
1075	2380
1076	2301
1077	2276
1078	2273
1079	2249
1080	2246
1081	2313
1082	2185
1083	2226
1084	2080
1085	2054
1086	1986
1087	2095
1088	2110
1089	2020
1090	1985
1091	1980
1092	1958
1093	1935
1094	1930
1095	1886
1096	1904
1097	1849
1098	2043
1099	1861
1100	1779
1101	1891
1102	1796
1103	1776
1104	1742
1105	1801
1106	1769
1107	1805
1108	1696
1109	1675
1110	1648
1111	1621
1112	1611
1113	1733
1114	1622
1115	1557
1116	1602
1117	1585
1118	1558
1119	1593
1120	1509
1121	1480
1122	1524
1123	1470
1124	1464
1125	1452
1126	1504
1127	1494
1128	1438
1129	1432
1130	1375
1131	1411
1132	1434
1133	1364
1134	1343
1135	1334
1136	1383
1137	1328
1138	1300
1139	1393
1140	1287
1141	1321
1142	1216
1143	1323
1144	1210
1145	1234
1146	1279
1147	1243
1148	1202
1149	1244
1150	1152
1151	1150
1152	1132
1153	1218
1154	1102
1155	1088
1156	1074
1157	1131
1158	1085
1159	1110
1160	1084
1161	1046
1162	1045
1163	1096
1164	980
1165	983
1166	1042
1167	984
1168	964
1169	923
1170	933
1171	954
1172	922
1173	912
1174	932
1175	994
1176	960
1177	934
1178	885
1179	883
1180	889
1181	835
1182	874
1183	873
1184	865
1185	821
1186	823
1187	888
1188	795
1189	800
1190	769
1191	800
1192	818
1193	818
1194	779
1195	776
1196	698
1197	752
1198	773
1199	738
1200	680
1201	711
1202	696
1203	734
1204	700
1205	682
1206	718
1207	649
1208	615
1209	632
1210	627
1211	665
1212	592
1213	606
1214	590
1215	575
1216	625
1217	602
1218	590
1219	578
1220	615
1221	583
1222	551
1223	587
1224	514
1225	563
1226	552
1227	569
1228	553
1229	560
1230	536
1231	533
1232	520
1233	524
1234	519
1235	472
1236	539
1237	510
1238	470
1239	454
1240	442
1241	432
1242	446
1243	482
1244	396
1245	422
1246	445
1247	466
1248	416
1249	441
1250	428
1251	428
1252	368
1253	396
1254	437
1255	416
1256	402
1257	375
1258	396
1259	375
1260	408
1261	414
1262	383
1263	388
1264	369
1265	362
1266	375
1267	367
1268	360
1269	356
1270	353
1271	321
1272	323
1273	351
1274	284
1275	308
1276	314
1277	313
1278	290
1279	281
1280	296
1281	288
1282	300
1283	273
1284	270
1285	295
1286	274
1287	296
1288	296
1289	288
1290	293
1291	257
1292	264
1293	245
1294	256
1295	258
1296	265
1297	242
1298	228
1299	261
1300	216
1301	267
1302	209
1303	259
1304	219
1305	249
1306	230
1307	235
1308	227
1309	230
1310	214
1311	253
1312	210
1313	217
1314	253
1315	192
1316	197
1317	222
1318	183
1319	173
1320	192
1321	209
1322	190
1323	182
1324	191
1325	197
1326	174
1327	198
1328	192
1329	176
1330	164
1331	188
1332	192
1333	175
1334	179
1335	124
1336	147
1337	146
1338	155
1339	149
1340	168
1341	154
1342	163
1343	164
1344	159
1345	181
1346	140
1347	147
1348	166
1349	134
1350	132
1351	137
1352	111
1353	106
1354	150
1355	148
1356	103
1357	131
1358	111
1359	113
1360	116
1361	137
1362	132
1363	97
1364	92
1365	108
1366	135
1367	112
1368	104
1369	112
1370	80
1371	116
1372	78
1373	112
1374	100
1375	92
1376	91
1377	89
1378	96
1379	107
1380	98
1381	111
1382	83
1383	62
1384	98
1385	84
1386	79
1387	85
1388	76
1389	98
1390	78
1391	92
1392	83
1393	79
1394	84
1395	88
1396	73
1397	67
1398	79
1399	88
1400	57
1401	77
1402	61
1403	79
1404	68
1405	80
1406	73
1407	69
1408	67
1409	68
1410	86
1411	69
1412	66
1413	53
1414	66
1415	58
1416	81
1417	76
1418	61
1419	63
1420	60
1421	68
1422	68
1423	74
1424	62
1425	73
1426	63
1427	64
1428	64
1429	56
1430	54
1431	75
1432	56
1433	64
1434	44
1435	47
1436	67
1437	63
1438	53
1439	52
1440	67
1441	63
1442	59
1443	46
1444	59
1445	53
1446	60
1447	51
1448	57
1449	53
1450	39
1451	53
1452	54
1453	40
1454	44
1455	43
1456	52
1457	60
1458	42
1459	35
1460	42
1461	39
1462	46
1463	50
1464	55
1465	56
1466	57
1467	42
1468	50
1469	56
1470	47
1471	54
1472	42
1473	45
1474	41
1475	51
1476	57
1477	52
1478	39
1479	51
1480	44
1481	27
1482	41
1483	48
1484	49
1485	43
1486	51
1487	38
1488	48
1489	49
1490	36
1491	50
1492	43
1493	34
1494	41
1495	39
1496	31
1497	46
1498	48
1499	27
1500	36
1501	32
1502	36
1503	44
1504	35
1505	35
1506	38
1507	50
1508	46
1509	47
1510	37
1511	36
1512	47
1513	33
1514	37
1515	31
1516	50
1517	45
1518	36
1519	42
1520	48
1521	43
1522	60
1523	33
1524	28
1525	31
1526	33
1527	31
1528	29
1529	35
1530	24
1531	23
1532	34
1533	33
1534	38
1535	38
1536	37
1537	43
1538	39
1539	38
1540	30
1541	42
1542	39
1543	40
1544	33
1545	32
1546	39
1547	39
1548	25
1549	25
1550	29
1551	30
1552	33
1553	30
1554	29
1555	30
1556	21
1557	33
1558	35
1559	29
1560	25
1561	38
1562	25
1563	36
1564	39
1565	34
1566	28
1567	25
1568	32
1569	35
1570	35
1571	39
1572	20
1573	40
1574	26
1575	33
1576	30
1577	32
1578	31
1579	39
1580	24
1581	31
1582	23
1583	34
1584	27
1585	19
1586	28
1587	17
1588	22
1589	29
1590	22
1591	22
1592	32
1593	23
1594	30
1595	21
1596	31
1597	13
1598	26
1599	20
1600	29
1601	28
1602	30
1603	38

