## htsjdk.samtools.metrics.StringHeader
# CollectInsertSizeMetrics HISTOGRAM_FILE=untreated_dedup.pdf INPUT=trimmed_3334-CH-1-TAGGCATG-ACTGCATA_S121_aligned_sorted_dedup.bam OUTPUT=untreated_dedup_ISM.txt VALIDATION_STRINGENCY=LENIENT    DEVIATIONS=10.0 MINIMUM_PCT=0.05 METRIC_ACCUMULATION_LEVEL=[ALL_READS] INCLUDE_DUPLICATES=false ASSUME_SORTED=true STOP_AFTER=0 VERBOSITY=INFO QUIET=false COMPRESSION_LEVEL=5 MAX_RECORDS_IN_RAM=500000 CREATE_INDEX=false CREATE_MD5_FILE=false GA4GH_CLIENT_SECRETS=client_secrets.json USE_JDK_DEFLATER=false USE_JDK_INFLATER=false
## htsjdk.samtools.metrics.StringHeader
# Started on: Fri Mar 12 10:19:18 CST 2021

## METRICS CLASS	picard.analysis.InsertSizeMetrics
MEDIAN_INSERT_SIZE	MODE_INSERT_SIZE	MEDIAN_ABSOLUTE_DEVIATION	MIN_INSERT_SIZE	MAX_INSERT_SIZE	MEAN_INSERT_SIZE	STANDARD_DEVIATION	READ_PAIRS	PAIR_ORIENTATION	WIDTH_OF_10_PERCENT	WIDTH_OF_20_PERCENT	WIDTH_OF_30_PERCENT	WIDTH_OF_40_PERCENT	WIDTH_OF_50_PERCENT	WIDTH_OF_60_PERCENT	WIDTH_OF_70_PERCENT	WIDTH_OF_80_PERCENT	WIDTH_OF_90_PERCENT	WIDTH_OF_95_PERCENT	WIDTH_OF_99_PERCENT	SAMPLE	LIBRARY	READ_GROUP
237	52	137	2	231488831	300.371734	217.244877	25900669	FR	35	73	123	205	275	323	363	445	761	1017	1511			

## HISTOGRAM	java.lang.Integer
insert_size	All_Reads.fr_count
2	248
3	440
4	389
5	201
6	130
7	224
8	220
9	1349
10	246
11	220
12	124
13	170
14	360
15	403
16	266
17	225
18	210
19	8772
20	4440
21	2181
22	1128
23	877
24	925
25	943
26	1216
27	1407
28	1236
29	1473
30	1266
31	1464
32	1647
33	2407
34	3286
35	5782
36	11643
37	15384
38	19503
39	29372
40	52569
41	62010
42	56070
43	46105
44	47807
45	52381
46	54314
47	53510
48	53851
49	59661
50	77984
51	107660
52	115700
53	99661
54	84914
55	80288
56	80603
57	78651
58	75661
59	76557
60	82366
61	96173
62	108515
63	106690
64	103898
65	98007
66	92448
67	89718
68	82659
69	79701
70	80232
71	87300
72	95794
73	99817
74	98448
75	95420
76	91965
77	88997
78	81976
79	77475
80	75474
81	77454
82	84199
83	87680
84	89245
85	88966
86	84093
87	80210
88	75059
89	70454
90	67353
91	66016
92	68625
93	71749
94	73692
95	74547
96	71747
97	69445
98	65419
99	62110
100	58899
101	56562
102	56548
103	58184
104	59760
105	61192
106	60177
107	58494
108	55796
109	53692
110	51430
111	49588
112	48824
113	48282
114	48406
115	49718
116	49937
117	49413
118	48158
119	46133
120	44302
121	42573
122	41031
123	41357
124	41415
125	41346
126	41554
127	41552
128	40792
129	40455
130	39006
131	37207
132	35695
133	36036
134	35430
135	35911
136	35895
137	36877
138	38058
139	36367
140	35057
141	34361
142	33152
143	31653
144	31173
145	31340
146	31439
147	32291
148	33413
149	35577
150	42546
151	50265
152	44750
153	35606
154	30718
155	30235
156	30070
157	30853
158	32577
159	33831
160	35100
161	34846
162	33891
163	34301
164	36535
165	40367
166	43616
167	46813
168	46657
169	43520
170	41559
171	41101
172	41093
173	47744
174	60634
175	74235
176	76831
177	69932
178	60779
179	53139
180	50743
181	49789
182	51398
183	55403
184	61114
185	67077
186	70313
187	68536
188	65578
189	62401
190	59438
191	59689
192	63886
193	70408
194	76415
195	79674
196	80962
197	77820
198	75507
199	72429
200	71730
201	74958
202	79757
203	87037
204	93413
205	96803
206	95870
207	91572
208	86249
209	82192
210	81129
211	82167
212	84875
213	89797
214	95634
215	98062
216	99175
217	96299
218	92133
219	89708
220	85144
221	84495
222	84847
223	87698
224	90473
225	92201
226	92751
227	90552
228	88660
229	85008
230	81759
231	79693
232	78574
233	79345
234	79950
235	81452
236	82634
237	80697
238	78808
239	75601
240	73487
241	71412
242	69608
243	68982
244	68707
245	67875
246	68041
247	68028
248	65936
249	64479
250	63109
251	61111
252	59368
253	58190
254	57295
255	56634
256	56819
257	55899
258	55208
259	54434
260	52482
261	51679
262	49727
263	48520
264	47683
265	47156
266	46230
267	46289
268	45560
269	45094
270	44097
271	42729
272	41678
273	40980
274	40282
275	39045
276	38693
277	38572
278	37983
279	37795
280	37042
281	36562
282	35501
283	34708
284	34314
285	33336
286	33070
287	32361
288	32222
289	32234
290	31934
291	31680
292	30701
293	30403
294	29330
295	28929
296	28920
297	28328
298	28360
299	28490
300	28388
301	28042
302	27403
303	27320
304	26507
305	25977
306	25546
307	25746
308	25863
309	26339
310	26767
311	26086
312	25890
313	25582
314	24696
315	24637
316	24192
317	24001
318	24166
319	24269
320	24876
321	24572
322	24618
323	24252
324	23758
325	23363
326	23252
327	23546
328	23517
329	23534
330	23940
331	24323
332	24062
333	24111
334	24043
335	23709
336	23383
337	23405
338	24196
339	23984
340	24476
341	24289
342	24545
343	24950
344	24600
345	25000
346	25031
347	24695
348	25170
349	25880
350	25542
351	26085
352	26094
353	26604
354	26248
355	26506
356	26627
357	27079
358	26967
359	27245
360	27561
361	27881
362	27967
363	28126
364	28486
365	28775
366	28715
367	29609
368	29015
369	30077
370	29565
371	29677
372	30115
373	30584
374	30398
375	31265
376	31158
377	31874
378	31733
379	32190
380	32298
381	32919
382	32990
383	33108
384	33019
385	33588
386	34047
387	34462
388	34510
389	35051
390	35393
391	35534
392	35399
393	36009
394	35870
395	35635
396	35958
397	36303
398	36484
399	36985
400	37255
401	37505
402	37476
403	37605
404	37150
405	37719
406	37573
407	37609
408	37413
409	37417
410	37243
411	37661
412	37855
413	37345
414	37368
415	37363
416	37233
417	37425
418	36855
419	37205
420	36801
421	36542
422	35978
423	36132
424	36103
425	35541
426	35605
427	35478
428	34803
429	34731
430	34463
431	34305
432	33810
433	33586
434	33141
435	33166
436	32724
437	32253
438	32325
439	31925
440	31391
441	31036
442	30581
443	30496
444	30169
445	29831
446	29293
447	28941
448	28568
449	28279
450	27884
451	27227
452	27605
453	27025
454	26837
455	26400
456	26047
457	25530
458	25041
459	24987
460	24842
461	24165
462	23821
463	23578
464	23557
465	23297
466	23144
467	22834
468	22121
469	21959
470	21625
471	21374
472	20921
473	21067
474	20563
475	20242
476	20285
477	20234
478	19737
479	19513
480	19106
481	18946
482	19040
483	18618
484	18714
485	18075
486	17722
487	17667
488	17599
489	17789
490	17290
491	17102
492	16567
493	16556
494	16283
495	16550
496	16397
497	16153
498	16154
499	15824
500	15711
501	15673
502	15780
503	15545
504	14853
505	15270
506	15058
507	14798
508	14876
509	14796
510	14915
511	14823
512	14487
513	14652
514	14336
515	14331
516	14401
517	14445
518	14426
519	14463
520	14395
521	14212
522	14192
523	14293
524	14041
525	14046
526	13945
527	14122
528	14218
529	13966
530	13947
531	14043
532	14139
533	14178
534	13768
535	14086
536	13872
537	13910
538	14180
539	13939
540	14041
541	13969
542	14044
543	14124
544	14244
545	14121
546	14247
547	14475
548	14391
549	14319
550	14313
551	14382
552	14328
553	14503
554	14460
555	14483
556	14896
557	14665
558	14771
559	14822
560	14537
561	14824
562	15097
563	15065
564	15217
565	15028
566	15218
567	15228
568	15444
569	15563
570	15509
571	15785
572	15692
573	15701
574	15591
575	15524
576	15640
577	15564
578	15940
579	15715
580	15763
581	16442
582	15984
583	16392
584	16066
585	16050
586	16166
587	16068
588	16334
589	16250
590	16261
591	16329
592	16424
593	16743
594	16631
595	16466
596	16676
597	16369
598	16495
599	16458
600	16387
601	16421
602	16737
603	16447
604	16433
605	16378
606	16397
607	16378
608	16260
609	16657
610	16261
611	16531
612	16318
613	16218
614	16368
615	16197
616	16258
617	15968
618	16036
619	15772
620	16006
621	15712
622	15580
623	15613
624	15523
625	15340
626	15529
627	15185
628	14883
629	15048
630	15162
631	14596
632	14713
633	14881
634	14538
635	14334
636	14315
637	14152
638	13945
639	13823
640	13819
641	13521
642	13612
643	13276
644	13434
645	13155
646	12944
647	12967
648	12835
649	12787
650	12688
651	12510
652	12248
653	12245
654	12203
655	12204
656	11989
657	11765
658	11468
659	11377
660	11173
661	10895
662	11093
663	10725
664	10791
665	10749
666	10535
667	10540
668	10235
669	10232
670	10343
671	10137
672	9986
673	9728
674	9958
675	9538
676	9557
677	9607
678	9351
679	9454
680	9045
681	9174
682	9154
683	8831
684	9017
685	8920
686	8511
687	8729
688	8563
689	8764
690	8602
691	8486
692	8495
693	8308
694	8158
695	8042
696	8116
697	8145
698	8035
699	8085
700	7877
701	7820
702	7889
703	7834
704	7589
705	7519
706	7357
707	7436
708	7459
709	7330
710	7352
711	7369
712	7279
713	7436
714	7358
715	7298
716	7135
717	7161
718	6979
719	6921
720	7159
721	6832
722	6951
723	7129
724	7001
725	6911
726	6806
727	7109
728	6865
729	7008
730	6989
731	6672
732	6965
733	6756
734	6731
735	6747
736	6840
737	6637
738	6631
739	6814
740	6816
741	6711
742	6780
743	6801
744	6673
745	6675
746	6727
747	6866
748	6696
749	6717
750	6838
751	6738
752	6718
753	6673
754	6697
755	6569
756	6614
757	6770
758	6637
759	6599
760	6637
761	6684
762	6633
763	6662
764	6869
765	6476
766	6532
767	6570
768	6593
769	6624
770	6648
771	6420
772	6536
773	6654
774	6561
775	6801
776	6524
777	6463
778	6397
779	6534
780	6570
781	6665
782	6532
783	6638
784	6599
785	6621
786	6349
787	6644
788	6340
789	6515
790	6528
791	6389
792	6316
793	6438
794	6470
795	6481
796	6336
797	6393
798	6238
799	6342
800	6289
801	6313
802	6237
803	6330
804	6307
805	6198
806	6134
807	6205
808	6184
809	6101
810	6162
811	6229
812	6030
813	6122
814	5979
815	6020
816	5968
817	5827
818	5978
819	5682
820	5836
821	5838
822	5737
823	5751
824	5741
825	5482
826	5663
827	5533
828	5609
829	5523
830	5370
831	5398
832	5370
833	5450
834	5218
835	5192
836	5255
837	5055
838	5126
839	5098
840	4890
841	5065
842	4984
843	4870
844	4779
845	4798
846	4730
847	4857
848	4760
849	4532
850	4632
851	4499
852	4488
853	4574
854	4626
855	4340
856	4395
857	4166
858	4279
859	4305
860	4125
861	4161
862	4047
863	4184
864	4049
865	4116
866	4013
867	3876
868	3935
869	3927
870	3798
871	3739
872	3786
873	3730
874	3596
875	3562
876	3562
877	3532
878	3653
879	3511
880	3452
881	3477
882	3363
883	3296
884	3298
885	3160
886	3267
887	3229
888	3030
889	3109
890	3163
891	3234
892	3108
893	3038
894	3052
895	3088
896	2999
897	2987
898	3023
899	2918
900	2911
901	2967
902	2821
903	2871
904	2852
905	2761
906	2776
907	2750
908	2691
909	2853
910	2696
911	2789
912	2713
913	2692
914	2702
915	2609
916	2697
917	2659
918	2687
919	2554
920	2481
921	2560
922	2506
923	2586
924	2519
925	2561
926	2535
927	2450
928	2447
929	2505
930	2407
931	2442
932	2382
933	2482
934	2417
935	2395
936	2300
937	2288
938	2318
939	2347
940	2348
941	2404
942	2305
943	2271
944	2337
945	2267
946	2216
947	2337
948	2257
949	2223
950	2264
951	2199
952	2269
953	2221
954	2140
955	2134
956	2243
957	2183
958	2160
959	2255
960	2281
961	2152
962	2200
963	2110
964	2164
965	2208
966	2224
967	2133
968	2088
969	2146
970	2012
971	2114
972	2032
973	2064
974	2065
975	2154
976	1966
977	2087
978	2052
979	2035
980	2042
981	2004
982	1955
983	1961
984	1944
985	1966
986	1943
987	2002
988	1833
989	1830
990	1870
991	1908
992	1980
993	1925
994	1964
995	1886
996	1821
997	1908
998	1839
999	1863
1000	1829
1001	1846
1002	1798
1003	1791
1004	1782
1005	1790
1006	1767
1007	1648
1008	1725
1009	1805
1010	1720
1011	1685
1012	1739
1013	1694
1014	1704
1015	1678
1016	1697
1017	1667
1018	1644
1019	1627
1020	1698
1021	1587
1022	1581
1023	1574
1024	1563
1025	1525
1026	1551
1027	1515
1028	1546
1029	1553
1030	1511
1031	1457
1032	1425
1033	1438
1034	1439
1035	1406
1036	1372
1037	1401
1038	1322
1039	1346
1040	1301
1041	1364
1042	1269
1043	1283
1044	1270
1045	1303
1046	1242
1047	1249
1048	1221
1049	1260
1050	1205
1051	1249
1052	1223
1053	1158
1054	1197
1055	1103
1056	1105
1057	1117
1058	1150
1059	1053
1060	1094
1061	1182
1062	1067
1063	1099
1064	1141
1065	1070
1066	1106
1067	1063
1068	1105
1069	1007
1070	981
1071	986
1072	982
1073	946
1074	934
1075	913
1076	928
1077	957
1078	955
1079	837
1080	837
1081	911
1082	864
1083	895
1084	859
1085	812
1086	872
1087	840
1088	888
1089	802
1090	817
1091	761
1092	799
1093	804
1094	842
1095	785
1096	785
1097	752
1098	711
1099	729
1100	765
1101	760
1102	728
1103	697
1104	744
1105	688
1106	693
1107	678
1108	697
1109	688
1110	707
1111	733
1112	689
1113	690
1114	606
1115	644
1116	674
1117	648
1118	685
1119	627
1120	605
1121	630
1122	619
1123	603
1124	645
1125	644
1126	583
1127	541
1128	596
1129	603
1130	609
1131	548
1132	542
1133	565
1134	561
1135	561
1136	543
1137	568
1138	567
1139	550
1140	538
1141	593
1142	511
1143	531
1144	567
1145	521
1146	518
1147	531
1148	507
1149	501
1150	488
1151	530
1152	480
1153	546
1154	510
1155	532
1156	487
1157	497
1158	477
1159	488
1160	479
1161	470
1162	452
1163	480
1164	476
1165	437
1166	430
1167	426
1168	428
1169	470
1170	457
1171	472
1172	428
1173	444
1174	471
1175	417
1176	434
1177	469
1178	440
1179	454
1180	432
1181	446
1182	427
1183	441
1184	378
1185	440
1186	371
1187	414
1188	390
1189	431
1190	390
1191	362
1192	393
1193	384
1194	362
1195	390
1196	363
1197	382
1198	356
1199	365
1200	347
1201	364
1202	360
1203	348
1204	345
1205	341
1206	337
1207	327
1208	327
1209	315
1210	309
1211	336
1212	292
1213	317
1214	293
1215	311
1216	295
1217	301
1218	335
1219	305
1220	278
1221	263
1222	254
1223	259
1224	272
1225	254
1226	256
1227	255
1228	232
1229	217
1230	244
1231	229
1232	226
1233	229
1234	192
1235	244
1236	210
1237	217
1238	199
1239	199
1240	235
1241	190
1242	191
1243	219
1244	226
1245	166
1246	185
1247	162
1248	161
1249	179
1250	179
1251	183
1252	158
1253	170
1254	171
1255	144
1256	126
1257	151
1258	169
1259	159
1260	149
1261	155
1262	161
1263	130
1264	138
1265	132
1266	152
1267	138
1268	139
1269	124
1270	132
1271	139
1272	117
1273	129
1274	139
1275	118
1276	127
1277	117
1278	121
1279	130
1280	111
1281	119
1282	118
1283	117
1284	123
1285	114
1286	105
1287	115
1288	99
1289	116
1290	105
1291	118
1292	95
1293	98
1294	125
1295	101
1296	105
1297	114
1298	108
1299	101
1300	99
1301	111
1302	95
1303	101
1304	84
1305	91
1306	84
1307	98
1308	90
1309	86
1310	86
1311	88
1312	96
1313	102
1314	89
1315	89
1316	91
1317	84
1318	78
1319	81
1320	90
1321	81
1322	74
1323	79
1324	65
1325	79
1326	75
1327	87
1328	74
1329	57
1330	72
1331	73
1332	74
1333	77
1334	63
1335	73
1336	78
1337	69
1338	66
1339	80
1340	73
1341	79
1342	68
1343	67
1344	63
1345	65
1346	85
1347	81
1348	86
1349	62
1350	69
1351	55
1352	71
1353	73
1354	69
1355	74
1356	73
1357	80
1358	69
1359	83
1360	73
1361	49
1362	61
1363	60
1364	53
1365	57
1366	57
1367	59
1368	65
1369	66
1370	72
1371	58
1372	55
1373	50
1374	67
1375	50
1376	46
1377	63
1378	64
1379	57
1380	53
1381	68
1382	70
1383	54
1384	65
1385	56
1386	55
1387	48
1388	52
1389	55
1390	53
1391	48
1392	47
1393	55
1394	41
1395	57
1396	43
1397	46
1398	44
1399	40
1400	49
1401	44
1402	35
1403	50
1404	42
1405	38
1406	59
1407	45
1408	36
1409	41
1410	40
1411	44
1412	50
1413	59
1414	46
1415	49
1416	38
1417	39
1418	35
1419	31
1420	42
1421	34
1422	44
1423	37
1424	47
1425	42
1426	41
1427	38
1428	43
1429	35
1430	33
1431	34
1432	45
1433	41
1434	28
1435	27
1436	44
1437	28
1438	40
1439	37
1440	36
1441	35
1442	38
1443	39
1444	46
1445	30
1446	36
1447	33
1448	39
1449	34
1450	40
1451	34
1452	25
1453	25
1454	32
1455	34
1456	33
1457	33
1458	33
1459	35
1460	40
1461	30
1462	39
1463	22
1464	35
1465	29
1466	21
1467	22
1468	28
1469	20
1470	27
1471	23
1472	32
1473	27
1474	26
1475	28
1476	40
1477	22
1478	30
1479	37
1480	30
1481	23
1482	17
1483	28
1484	20
1485	25
1486	21
1487	33
1488	20
1489	34
1490	31
1491	23
1492	26
1493	30
1494	27
1495	25
1496	24
1497	28
1498	17
1499	22
1500	18
1501	22
1502	22
1503	19
1504	27
1505	21
1506	31
1507	14
1508	22
1509	19
1510	15
1511	18
1512	22
1513	23
1514	28
1515	25
1516	19
1517	12
1518	32
1519	24
1520	21
1521	17
1522	15
1523	21
1524	24
1525	16
1526	23
1527	14
1528	22
1529	15
1530	20
1531	23
1532	27
1533	10
1534	15
1535	24
1536	13
1537	13
1538	16
1539	11
1540	20
1541	23
1542	19
1543	15
1544	24
1545	13
1546	15
1547	23
1548	25
1549	15
1550	20
1551	14
1552	18
1553	18
1554	16
1555	26
1556	26
1557	22
1558	14
1559	14
1560	14
1561	18
1562	21
1563	7
1564	13
1565	16
1566	19
1567	20
1568	16
1569	15
1570	14
1571	16
1572	11
1573	13
1574	15
1575	17
1576	11
1577	22
1578	18
1579	12
1580	10
1581	16
1582	11
1583	21
1584	17
1585	16
1586	15
1587	20
1588	16
1589	11
1590	17
1591	19
1592	15
1593	12
1594	16
1595	22
1596	17
1597	18
1598	18
1599	16
1600	18
1601	19
1602	14
1603	17
1604	11
1605	12
1606	14
1607	12

